2.532641e-012
5.384360e-012
1.530021e-011
1.595724e-011
1.747491e-011
1.788680e-011
2.175682e-011
2.286238e-011
2.403722e-011
2.403744e-011
2.633316e-011
3.345080e-011
3.345102e-011
3.749689e-011
3.912359e-011
4.042633e-011
4.080103e-011
4.345346e-011
5.596656e-011
5.655176e-011
5.982903e-011
5.982925e-011
6.029899e-011
6.110423e-011
6.110445e-011
6.160406e-011
6.685374e-011
6.685397e-011
6.723777e-011
6.799361e-011
6.956924e-011
7.278111e-011
7.339218e-011
7.339240e-011
7.457335e-011
7.618839e-011
7.646639e-011
8.594148e-011
9.595402e-011
9.755907e-011
9.836754e-011
9.836776e-011
9.836798e-011
1.021803e-010
1.034188e-010
1.034191e-010
1.210316e-010
1.210319e-010
1.230692e-010
1.237714e-010
1.324469e-010
1.353999e-010
1.373890e-010
1.416944e-010
1.416947e-010
1.423379e-010
1.425580e-010
1.433818e-010
1.433820e-010
1.433822e-010
1.514266e-010
1.538498e-010
1.553669e-010
1.579665e-010
1.607749e-010
1.637448e-010
1.687717e-010
1.697055e-010
1.733430e-010
1.785804e-010
1.817180e-010
1.820426e-010
1.849348e-010
1.852312e-010
1.921405e-010
1.932942e-010
1.996785e-010
2.004016e-010
2.018499e-010
2.042863e-010
2.057969e-010
2.060309e-010
2.064291e-010
2.146463e-010
2.161440e-010
2.186660e-010
2.186662e-010
2.186664e-010
2.196336e-010
2.196339e-010
2.290417e-010
2.290419e-010
2.354021e-010
2.395547e-010
2.413518e-010
2.450879e-010
2.478763e-010
2.478765e-010
2.492478e-010
2.495946e-010
2.521705e-010
2.521707e-010
2.528804e-010
2.536955e-010
2.601541e-010
2.601543e-010
2.601546e-010
2.618246e-010
2.629537e-010
2.639096e-010
2.652953e-010
2.659060e-010
2.697625e-010
2.697628e-010
2.715006e-010
2.718626e-010
2.723950e-010
2.810208e-010
2.863996e-010
2.872770e-010
2.928511e-010
2.977687e-010
2.977689e-010
2.985112e-010
2.988603e-010
2.992298e-010
3.013697e-010
3.057676e-010
3.104892e-010
3.106543e-010
3.157343e-010
3.188377e-010
3.211003e-010
3.235373e-010
3.255256e-010
3.255258e-010
3.262979e-010
3.281304e-010
3.281306e-010
3.289191e-010
3.289193e-010
3.401414e-010
3.423924e-010
3.436331e-010
3.454181e-010
3.475447e-010
3.500729e-010
3.541991e-010
3.594486e-010
3.605309e-010
3.657150e-010
3.683606e-010
3.713494e-010
3.728309e-010
3.729789e-010
3.729791e-010
3.755670e-010
3.755672e-010
3.794817e-010
3.794818e-010
3.814347e-010
3.872492e-010
3.872495e-010
3.893288e-010
3.930327e-010
3.944116e-010
3.970642e-010
3.979019e-010
4.051786e-010
4.071746e-010
4.091247e-010
4.143889e-010
4.183023e-010
4.189744e-010
4.234399e-010
4.274041e-010
4.296221e-010
4.299250e-010
4.299252e-010
4.313226e-010
4.317624e-010
4.366796e-010
4.427090e-010
4.445763e-010
4.454586e-010
4.494145e-010
4.507966e-010
4.680045e-010
4.686213e-010
4.689169e-010
4.722744e-010
4.722747e-010
4.773374e-010
4.778888e-010
4.779664e-010
4.827769e-010
4.842484e-010
4.935357e-010
4.954001e-010
5.007623e-010
5.036396e-010
5.036398e-010
5.079696e-010
5.090544e-010
5.090546e-010
5.112755e-010
5.195475e-010
5.237161e-010
5.260483e-010
5.260485e-010
5.261638e-010
5.278169e-010
5.280336e-010
5.358223e-010
5.358225e-010
5.358227e-010
5.388907e-010
5.412200e-010
5.412202e-010
5.412204e-010
5.412206e-010
5.433516e-010
5.433518e-010
5.475654e-010
5.475657e-010
5.480987e-010
5.497790e-010
5.499204e-010
5.529930e-010
5.539600e-010
5.591431e-010
5.617686e-010
5.622923e-010
5.669271e-010
5.669273e-010
5.669275e-010
5.702070e-010
5.702072e-010
5.718332e-010
5.732940e-010
5.744740e-010
5.778420e-010
5.794087e-010
5.911258e-010
5.983202e-010
5.989991e-010
6.015524e-010
6.046247e-010
6.046249e-010
6.111557e-010
6.140839e-010
6.140841e-010
6.167700e-010
6.208375e-010
6.237333e-010
6.237868e-010
6.248064e-010
6.248067e-010
6.248069e-010
6.250269e-010
6.285144e-010
6.296363e-010
6.314889e-010
6.356398e-010
6.380959e-010
6.380961e-010
6.432496e-010
6.432497e-010
6.463379e-010
6.495109e-010
6.541456e-010
6.585192e-010
6.630347e-010
6.687770e-010
6.765354e-010
6.774878e-010
6.775086e-010
6.775532e-010
6.836829e-010
6.836831e-010
6.846144e-010
6.864358e-010
6.917888e-010
6.932186e-010
6.932188e-010
7.094574e-010
7.098622e-010
7.158524e-010
7.167731e-010
7.204852e-010
7.211396e-010
7.211398e-010
7.211400e-010
7.268290e-010
7.286820e-010
7.309215e-010
7.331050e-010
7.331052e-010
7.331055e-010
7.331057e-010
7.377516e-010
7.389007e-010
7.419729e-010
7.433008e-010
7.433010e-010
7.436427e-010
7.436429e-010
7.457632e-010
7.462031e-010
7.479792e-010
7.506031e-010
7.507640e-010
7.542451e-010
7.558985e-010
7.652716e-010
7.694643e-010
7.741949e-010
7.766385e-010
7.821994e-010
7.834033e-010
7.841219e-010
7.841221e-010
7.884788e-010
7.928069e-010
7.934300e-010
7.934302e-010
7.943362e-010
8.026251e-010
8.045400e-010
8.081568e-010
8.099106e-010
8.181161e-010
8.181164e-010
8.198831e-010
8.202795e-010
8.222540e-010
8.248173e-010
8.248175e-010
8.343929e-010
8.439678e-010
8.452806e-010
8.491003e-010
8.497802e-010
8.514316e-010
8.545826e-010
8.546082e-010
8.551304e-010
8.552066e-010
8.554161e-010
8.554163e-010
8.554165e-010
8.635536e-010
8.635538e-010
8.647102e-010
8.650602e-010
8.650604e-010
8.650606e-010
8.658538e-010
8.677470e-010
8.704037e-010
8.704040e-010
8.704042e-010
8.737555e-010
8.848595e-010
8.848597e-010
8.848600e-010
8.856772e-010
8.879120e-010
8.939260e-010
8.948862e-010
8.968923e-010
8.976725e-010
8.976727e-010
8.977028e-010
8.998112e-010
8.998114e-010
8.998117e-010
9.018595e-010
9.043031e-010
9.171959e-010
9.171961e-010
9.171963e-010
9.178502e-010
9.307140e-010
9.336041e-010
9.336099e-010
9.368123e-010
9.423331e-010
9.436776e-010
9.437732e-010
9.446542e-010
9.469365e-010
9.510683e-010
9.538295e-010
9.607080e-010
9.609002e-010
9.622687e-010
9.636949e-010
9.636951e-010
9.680412e-010
9.751902e-010
9.751904e-010
9.801768e-010
9.870593e-010
9.870595e-010
9.888470e-010
9.923727e-010
9.923730e-010
9.944253e-010
9.957630e-010
1.000952e-009
1.001964e-009
1.001964e-009
1.002554e-009
1.008686e-009
1.010451e-009
1.010897e-009
1.013205e-009
1.014512e-009
1.015538e-009
1.028960e-009
1.040709e-009
1.040709e-009
1.053179e-009
1.054533e-009
1.054533e-009
1.059946e-009
1.060640e-009
1.060683e-009
1.063004e-009
1.064956e-009
1.068063e-009
1.069332e-009
1.070313e-009
1.071464e-009
1.072400e-009
1.072939e-009
1.073264e-009
1.074180e-009
1.074180e-009
1.080987e-009
1.081737e-009
1.081754e-009
1.095183e-009
1.095546e-009
1.107068e-009
1.116212e-009
1.116212e-009
1.116360e-009
1.116463e-009
1.116464e-009
1.116464e-009
1.118611e-009
1.118611e-009
1.119993e-009
1.120985e-009
1.126074e-009
1.126074e-009
1.126836e-009
1.132620e-009
1.132620e-009
1.137883e-009
1.138243e-009
1.138243e-009
1.138243e-009
1.154495e-009
1.156029e-009
1.157470e-009
1.159426e-009
1.164461e-009
1.164617e-009
1.165276e-009
1.174522e-009
1.175433e-009
1.177692e-009
1.179393e-009
1.179957e-009
1.182372e-009
1.184004e-009
1.184005e-009
1.184005e-009
1.184947e-009
1.184947e-009
1.184948e-009
1.196394e-009
1.198078e-009
1.198229e-009
1.198229e-009
1.209476e-009
1.213859e-009
1.213859e-009
1.219162e-009
1.227148e-009
1.229850e-009
1.232183e-009
1.232322e-009
1.239474e-009
1.239685e-009
1.245603e-009
1.246092e-009
1.246092e-009
1.247085e-009
1.247624e-009
1.249630e-009
1.250214e-009
1.251189e-009
1.251789e-009
1.253597e-009
1.258517e-009
1.266093e-009
1.272322e-009
1.276331e-009
1.283147e-009
1.286201e-009
1.286647e-009
1.287431e-009
1.290953e-009
1.298630e-009
1.300711e-009
1.301927e-009
1.301928e-009
1.305773e-009
1.308852e-009
1.319425e-009
1.320295e-009
1.320295e-009
1.320749e-009
1.320749e-009
1.321892e-009
1.321892e-009
1.323858e-009
1.323914e-009
1.324916e-009
1.327375e-009
1.327375e-009
1.328231e-009
1.328245e-009
1.332335e-009
1.334145e-009
1.340179e-009
1.342577e-009
1.346089e-009
1.348160e-009
1.349759e-009
1.349759e-009
1.350278e-009
1.350278e-009
1.350607e-009
1.350607e-009
1.352489e-009
1.352490e-009
1.352545e-009
1.355376e-009
1.355376e-009
1.355376e-009
1.358598e-009
1.360303e-009
1.363310e-009
1.365336e-009
1.367570e-009
1.368829e-009
1.369342e-009
1.376282e-009
1.377081e-009
1.379590e-009
1.379955e-009
1.380207e-009
1.390883e-009
1.392216e-009
1.392369e-009
1.396750e-009
1.396751e-009
1.399943e-009
1.400456e-009
1.406965e-009
1.408673e-009
1.409530e-009
1.413142e-009
1.415032e-009
1.421182e-009
1.422241e-009
1.425782e-009
1.430997e-009
1.431659e-009
1.433412e-009
1.436856e-009
1.437899e-009
1.437900e-009
1.440307e-009
1.440656e-009
1.441692e-009
1.443263e-009
1.455604e-009
1.460802e-009
1.470612e-009
1.470857e-009
1.472157e-009
1.472157e-009
1.472158e-009
1.486438e-009
1.488804e-009
1.488804e-009
1.491687e-009
1.491687e-009
1.495106e-009
1.495438e-009
1.495438e-009
1.497394e-009
1.504677e-009
1.505352e-009
1.505352e-009
1.505687e-009
1.506287e-009
1.509698e-009
1.511246e-009
1.512066e-009
1.512067e-009
1.512067e-009
1.514858e-009
1.519878e-009
1.521617e-009
1.521675e-009
1.523642e-009
1.523642e-009
1.525342e-009
1.530720e-009
1.534367e-009
1.534779e-009
1.536547e-009
1.536547e-009
1.541249e-009
1.543545e-009
1.545958e-009
1.545959e-009
1.553129e-009
1.553129e-009
1.555276e-009
1.556964e-009
1.557130e-009
1.559554e-009
1.559554e-009
1.564946e-009
1.565046e-009
1.565544e-009
1.571330e-009
1.573128e-009
1.574104e-009
1.580700e-009
1.580700e-009
1.582117e-009
1.584636e-009
1.587310e-009
1.587416e-009
1.588656e-009
1.591651e-009
1.591825e-009
1.594012e-009
1.594012e-009
1.600548e-009
1.602399e-009
1.609303e-009
1.610412e-009
1.612026e-009
1.618169e-009
1.621377e-009
1.622356e-009
1.624240e-009
1.624351e-009
1.627399e-009
1.627899e-009
1.627899e-009
1.627899e-009
1.634281e-009
1.634282e-009
1.634616e-009
1.634616e-009
1.637957e-009
1.643457e-009
1.643458e-009
1.644743e-009
1.644743e-009
1.645912e-009
1.648237e-009
1.660472e-009
1.661070e-009
1.662818e-009
1.666778e-009
1.667150e-009
1.667150e-009
1.671767e-009
1.679086e-009
1.683969e-009
1.684308e-009
1.689727e-009
1.694739e-009
1.694740e-009
1.696740e-009
1.704399e-009
1.718958e-009
1.720459e-009
1.720459e-009
1.721899e-009
1.722684e-009
1.726484e-009
1.727246e-009
1.728178e-009
1.731237e-009
1.731921e-009
1.732362e-009
1.733902e-009
1.736936e-009
1.738075e-009
1.738735e-009
1.740380e-009
1.740380e-009
1.742044e-009
1.742461e-009
1.745620e-009
1.747017e-009
1.750242e-009
1.754506e-009
1.754506e-009
1.756846e-009
1.757196e-009
1.757725e-009
1.757725e-009
1.757725e-009
1.757725e-009
1.757955e-009
1.757956e-009
1.757956e-009
1.762552e-009
1.765097e-009
1.768846e-009
1.769830e-009
1.772642e-009
1.775922e-009
1.780842e-009
1.782600e-009
1.782818e-009
1.782819e-009
1.783991e-009
1.797916e-009
1.798024e-009
1.799395e-009
1.799395e-009
1.800305e-009
1.809863e-009
1.813283e-009
1.815914e-009
1.821610e-009
1.823583e-009
1.826706e-009
1.827898e-009
1.828705e-009
1.828836e-009
1.829726e-009
1.834827e-009
1.836442e-009
1.838000e-009
1.851648e-009
1.853877e-009
1.856697e-009
1.858627e-009
1.859641e-009
1.859799e-009
1.859799e-009
1.872030e-009
1.872030e-009
1.882724e-009
1.884792e-009
1.884793e-009
1.886610e-009
1.886610e-009
1.887113e-009
1.887368e-009
1.890712e-009
1.890712e-009
1.890712e-009
1.891262e-009
1.892782e-009
1.901006e-009
1.906848e-009
1.909711e-009
1.914711e-009
1.914715e-009
1.922163e-009
1.922577e-009
1.923482e-009
1.923990e-009
1.925090e-009
1.926158e-009
1.928003e-009
1.935408e-009
1.938679e-009
1.942893e-009
1.942893e-009
1.944792e-009
1.950197e-009
1.950198e-009
1.956618e-009
1.963862e-009
1.965455e-009
1.965455e-009
1.966576e-009
1.968041e-009
1.968299e-009
1.969857e-009
1.973758e-009
1.987513e-009
1.988595e-009
1.993038e-009
1.994437e-009
1.996443e-009
1.998706e-009
2.000178e-009
2.000179e-009
2.000179e-009
2.004743e-009
2.012116e-009
2.013190e-009
2.017966e-009
2.021279e-009
2.023723e-009
2.025241e-009
2.026331e-009
2.026331e-009
2.026331e-009
2.029196e-009
2.030418e-009
2.039810e-009
2.045860e-009
2.046633e-009
2.053882e-009
2.053882e-009
2.058679e-009
2.058709e-009
2.059383e-009
2.064986e-009
2.064986e-009
2.067076e-009
2.070768e-009
2.071106e-009
2.071396e-009
2.071397e-009
2.072751e-009
2.078106e-009
2.079053e-009
2.079850e-009
2.079851e-009
2.082688e-009
2.083228e-009
2.083934e-009
2.083934e-009
2.090048e-009
2.093046e-009
2.094664e-009
2.103424e-009
2.104664e-009
2.104664e-009
2.104664e-009
2.105360e-009
2.112247e-009
2.112364e-009
2.119477e-009
2.119707e-009
2.126003e-009
2.130693e-009
2.132560e-009
2.133743e-009
2.136460e-009
2.136532e-009
2.140668e-009
2.143206e-009
2.144257e-009
2.162967e-009
2.162967e-009
2.170477e-009
2.171265e-009
2.172395e-009
2.178297e-009
2.179323e-009
2.183818e-009
2.188755e-009
2.194225e-009
2.194789e-009
2.194936e-009
2.197475e-009
2.198298e-009
2.204148e-009
2.205822e-009
2.205956e-009
2.210160e-009
2.210160e-009
2.213708e-009
2.213709e-009
2.215274e-009
2.220077e-009
2.220077e-009
2.221077e-009
2.223052e-009
2.223053e-009
2.224580e-009
2.225300e-009
2.231374e-009
2.233596e-009
2.236619e-009
2.238483e-009
2.244546e-009
2.245312e-009
2.245312e-009
2.247925e-009
2.253098e-009
2.253434e-009
2.253948e-009
2.254360e-009
2.254360e-009
2.255062e-009
2.258746e-009
2.259151e-009
2.263162e-009
2.263667e-009
2.264563e-009
2.267079e-009
2.269140e-009
2.271152e-009
2.271152e-009
2.276697e-009
2.280101e-009
2.289383e-009
2.289383e-009
2.295252e-009
2.297262e-009
2.297421e-009
2.299770e-009
2.303986e-009
2.304336e-009
2.309304e-009
2.322024e-009
2.322024e-009
2.324467e-009
2.325067e-009
2.336626e-009
2.336626e-009
2.339925e-009
2.349860e-009
2.349860e-009
2.351543e-009
2.358528e-009
2.362737e-009
2.364313e-009
2.374885e-009
2.374946e-009
2.377114e-009
2.377114e-009
2.380059e-009
2.382061e-009
2.388979e-009
2.388979e-009
2.393656e-009
2.404226e-009
2.411340e-009
2.412339e-009
2.413069e-009
2.413316e-009
2.414591e-009
2.415224e-009
2.417342e-009
2.421739e-009
2.425702e-009
2.426855e-009
2.427565e-009
2.432408e-009
2.439081e-009
2.440511e-009
2.442539e-009
2.442539e-009
2.442565e-009
2.442565e-009
2.443611e-009
2.444750e-009
2.449668e-009
2.451015e-009
2.453225e-009
2.453490e-009
2.453490e-009
2.453490e-009
2.453743e-009
2.454650e-009
2.454835e-009
2.471257e-009
2.471843e-009
2.471843e-009
2.471844e-009
2.477787e-009
2.478373e-009
2.478373e-009
2.479523e-009
2.482582e-009
2.487309e-009
2.487865e-009
2.488909e-009
2.488933e-009
2.490178e-009
2.490336e-009
2.490811e-009
2.491464e-009
2.492939e-009
2.492939e-009
2.493498e-009
2.493498e-009
2.493498e-009
2.500179e-009
2.500179e-009
2.505227e-009
2.505227e-009
2.505243e-009
2.505243e-009
2.507216e-009
2.510715e-009
2.510715e-009
2.510716e-009
2.511476e-009
2.517051e-009
2.518052e-009
2.519972e-009
2.520765e-009
2.521342e-009
2.522114e-009
2.523148e-009
2.523624e-009
2.532427e-009
2.535215e-009
2.539359e-009
2.541695e-009
2.548874e-009
2.548874e-009
2.548874e-009
2.550318e-009
2.552569e-009
2.557628e-009
2.559232e-009
2.562088e-009
2.562088e-009
2.563120e-009
2.563120e-009
2.564815e-009
2.567983e-009
2.569088e-009
2.570469e-009
2.572996e-009
2.579798e-009
2.581424e-009
2.591506e-009
2.591506e-009
2.595954e-009
2.597603e-009
2.597603e-009
2.599505e-009
2.599505e-009
2.599505e-009
2.600163e-009
2.605711e-009
2.606313e-009
2.606314e-009
2.610661e-009
2.611251e-009
2.613169e-009
2.615746e-009
2.615746e-009
2.624378e-009
2.633076e-009
2.633202e-009
2.634712e-009
2.635940e-009
2.641682e-009
2.644337e-009
2.647684e-009
2.649744e-009
2.650916e-009
2.654669e-009
2.655629e-009
2.657765e-009
2.658804e-009
2.658804e-009
2.661547e-009
2.663067e-009
2.663946e-009
2.665056e-009
2.665056e-009
2.668744e-009
2.670518e-009
2.674887e-009
2.684182e-009
2.690298e-009
2.692083e-009
2.692105e-009
2.692769e-009
2.695345e-009
2.695346e-009
2.698007e-009
2.699008e-009
2.701346e-009
2.701347e-009
2.701579e-009
2.701724e-009
2.701724e-009
2.703136e-009
2.703137e-009
2.703137e-009
2.708934e-009
2.708934e-009
2.709233e-009
2.713677e-009
2.715946e-009
2.715946e-009
2.715947e-009
2.716249e-009
2.716802e-009
2.716803e-009
2.716811e-009
2.719260e-009
2.721196e-009
2.721849e-009
2.729173e-009
2.732355e-009
2.736466e-009
2.736883e-009
2.736883e-009
2.736883e-009
2.739301e-009
2.739489e-009
2.741631e-009
2.741848e-009
2.741924e-009
2.741924e-009
2.743570e-009
2.745261e-009
2.745418e-009
2.749192e-009
2.750322e-009
2.750414e-009
2.755393e-009
2.759160e-009
2.759160e-009
2.759160e-009
2.759334e-009
2.759335e-009
2.759874e-009
2.760403e-009
2.762411e-009
2.762573e-009
2.765599e-009
2.767381e-009
2.768415e-009
2.768415e-009
2.768415e-009
2.768823e-009
2.769070e-009
2.770973e-009
2.777272e-009
2.782521e-009
2.782521e-009
2.782521e-009
2.784234e-009
2.784234e-009
2.784234e-009
2.784758e-009
2.784758e-009
2.784758e-009
2.785148e-009
2.788367e-009
2.788367e-009
2.790524e-009
2.796698e-009
2.802309e-009
2.806727e-009
2.806727e-009
2.806727e-009
2.817586e-009
2.817832e-009
2.818205e-009
2.818411e-009
2.819149e-009
2.823620e-009
2.824483e-009
2.825845e-009
2.828296e-009
2.828895e-009
2.829814e-009
2.833725e-009
2.833864e-009
2.836388e-009
2.836515e-009
2.836942e-009
2.838247e-009
2.842031e-009
2.844591e-009
2.845217e-009
2.850569e-009
2.851975e-009
2.853492e-009
2.864443e-009
2.872828e-009
2.872828e-009
2.872947e-009
2.877660e-009
2.877660e-009
2.878931e-009
2.879028e-009
2.879269e-009
2.879376e-009
2.881571e-009
2.882455e-009
2.882455e-009
2.882455e-009
2.882854e-009
2.885943e-009
2.889554e-009
2.889555e-009
2.889555e-009
2.889555e-009
2.891025e-009
2.891025e-009
2.891628e-009
2.891628e-009
2.892561e-009
2.892561e-009
2.892561e-009
2.893163e-009
2.898511e-009
2.902653e-009
2.903547e-009
2.905962e-009
2.911771e-009
2.912293e-009
2.917312e-009
2.920578e-009
2.922444e-009
2.923460e-009
2.927320e-009
2.927321e-009
2.934806e-009
2.935838e-009
2.939127e-009
2.939342e-009
2.939342e-009
2.939462e-009
2.943880e-009
2.943880e-009
2.947273e-009
2.947312e-009
2.950513e-009
2.955675e-009
2.961299e-009
2.961554e-009
2.961555e-009
2.961555e-009
2.962409e-009
2.969297e-009
2.969745e-009
2.971066e-009
2.972320e-009
2.972320e-009
2.972320e-009
2.978441e-009
2.978442e-009
2.978609e-009
2.980477e-009
2.984947e-009
2.990147e-009
2.992539e-009
2.998925e-009
2.998925e-009
3.004109e-009
3.004110e-009
3.005307e-009
3.007051e-009
3.007359e-009
3.009655e-009
3.015928e-009
3.018061e-009
3.022623e-009
3.022678e-009
3.025096e-009
3.025509e-009
3.029902e-009
3.036120e-009
3.041682e-009
3.046252e-009
3.046252e-009
3.046253e-009
3.048808e-009
3.057186e-009
3.062893e-009
3.063160e-009
3.063781e-009
3.068959e-009
3.069550e-009
3.070011e-009
3.070654e-009
3.070654e-009
3.075801e-009
3.077581e-009
3.079437e-009
3.080312e-009
3.088886e-009
3.089454e-009
3.089454e-009
3.091779e-009
3.092016e-009
3.092496e-009
3.093465e-009
3.094729e-009
3.098721e-009
3.106245e-009
3.107910e-009
3.112875e-009
3.121202e-009
3.132784e-009
3.134581e-009
3.135690e-009
3.136155e-009
3.140111e-009
3.148926e-009
3.148926e-009
3.149832e-009
3.149873e-009
3.161407e-009
3.161883e-009
3.161883e-009
3.167057e-009
3.167427e-009
3.167428e-009
3.170395e-009
3.170875e-009
3.171482e-009
3.171649e-009
3.171928e-009
3.171928e-009
3.171928e-009
3.172464e-009
3.172895e-009
3.175401e-009
3.175401e-009
3.175401e-009
3.187173e-009
3.191070e-009
3.196442e-009
3.196442e-009
3.196442e-009
3.197510e-009
3.197510e-009
3.197598e-009
3.199597e-009
3.200111e-009
3.204021e-009
3.206378e-009
3.206940e-009
3.215380e-009
3.215593e-009
3.217826e-009
3.225165e-009
3.225981e-009
3.227904e-009
3.231239e-009
3.231966e-009
3.232173e-009
3.233525e-009
3.243271e-009
3.254330e-009
3.256977e-009
3.257028e-009
3.264270e-009
3.264806e-009
3.265172e-009
3.265172e-009
3.265823e-009
3.266877e-009
3.271332e-009
3.272615e-009
3.276685e-009
3.276958e-009
3.277225e-009
3.277609e-009
3.282106e-009
3.287720e-009
3.288291e-009
3.303673e-009
3.304152e-009
3.309717e-009
3.310943e-009
3.313925e-009
3.313985e-009
3.313986e-009
3.315235e-009
3.315386e-009
3.316581e-009
3.317837e-009
3.317838e-009
3.321308e-009
3.322882e-009
3.322883e-009
3.326080e-009
3.327055e-009
3.327055e-009
3.331202e-009
3.332099e-009
3.335050e-009
3.337044e-009
3.339368e-009
3.341154e-009
3.341371e-009
3.349397e-009
3.359349e-009
3.359900e-009
3.360907e-009
3.365624e-009
3.370698e-009
3.374574e-009
3.377907e-009
3.377907e-009
3.378121e-009
3.378928e-009
3.380876e-009
3.380876e-009
3.384330e-009
3.384330e-009
3.387886e-009
3.393414e-009
3.393995e-009
3.393995e-009
3.393995e-009
3.396565e-009
3.397322e-009
3.398276e-009
3.398374e-009
3.402128e-009
3.414057e-009
3.418170e-009
3.420105e-009
3.420497e-009
3.420497e-009
3.428138e-009
3.429500e-009
3.429500e-009
3.429500e-009
3.436065e-009
3.436330e-009
3.442325e-009
3.444438e-009
3.446417e-009
3.449985e-009
3.450794e-009
3.451591e-009
3.451591e-009
3.452089e-009
3.454259e-009
3.454259e-009
3.454259e-009
3.455149e-009
3.456446e-009
3.456657e-009
3.457683e-009
3.468372e-009
3.469576e-009
3.470790e-009
3.472214e-009
3.472861e-009
3.473720e-009
3.473720e-009
3.477718e-009
3.484887e-009
3.486396e-009
3.486397e-009
3.493388e-009
3.502107e-009
3.504260e-009
3.507157e-009
3.513154e-009
3.513355e-009
3.513663e-009
3.513663e-009
3.513663e-009
3.516455e-009
3.516455e-009
3.517396e-009
3.517725e-009
3.522659e-009
3.525467e-009
3.526002e-009
3.527987e-009
3.529451e-009
3.530936e-009
3.530936e-009
3.530937e-009
3.533402e-009
3.538505e-009
3.546732e-009
3.556110e-009
3.556962e-009
3.556962e-009
3.556963e-009
3.561440e-009
3.563790e-009
3.566530e-009
3.573555e-009
3.573574e-009
3.574274e-009
3.574274e-009
3.578914e-009
3.578971e-009
3.579945e-009
3.579945e-009
3.581275e-009
3.587501e-009
3.589974e-009
3.589974e-009
3.590025e-009
3.590291e-009
3.597037e-009
3.598127e-009
3.598127e-009
3.599876e-009
3.599975e-009
3.602957e-009
3.605152e-009
3.606559e-009
3.607355e-009
3.611228e-009
3.617012e-009
3.619750e-009
3.623978e-009
3.634549e-009
3.638499e-009
3.643351e-009
3.647276e-009
3.653075e-009
3.655342e-009
3.658211e-009
3.661023e-009
3.663149e-009
3.664336e-009
3.664336e-009
3.668003e-009
3.672154e-009
3.677164e-009
3.677404e-009
3.678613e-009
3.679449e-009
3.681320e-009
3.685854e-009
3.691610e-009
3.692277e-009
3.692278e-009
3.694914e-009
3.695730e-009
3.698134e-009
3.700033e-009
3.701976e-009
3.701976e-009
3.703343e-009
3.704524e-009
3.706183e-009
3.706425e-009
3.706425e-009
3.714819e-009
3.719168e-009
3.720135e-009
3.725926e-009
3.732357e-009
3.732604e-009
3.736284e-009
3.736532e-009
3.737058e-009
3.743139e-009
3.746622e-009
3.752199e-009
3.761219e-009
3.765116e-009
3.766757e-009
3.770019e-009
3.773366e-009
3.778740e-009
3.782324e-009
3.790878e-009
3.801301e-009
3.801302e-009
3.801302e-009
3.801720e-009
3.801720e-009
3.803010e-009
3.806546e-009
3.809224e-009
3.809224e-009
3.810871e-009
3.811917e-009
3.812274e-009
3.814626e-009
3.814812e-009
3.814962e-009
3.826009e-009
3.827517e-009
3.828435e-009
3.832016e-009
3.834991e-009
3.837005e-009
3.837755e-009
3.839195e-009
3.839195e-009
3.839195e-009
3.839195e-009
3.839923e-009
3.843883e-009
3.846647e-009
3.848132e-009
3.848242e-009
3.851761e-009
3.851761e-009
3.856274e-009
3.856274e-009
3.857630e-009
3.858887e-009
3.858887e-009
3.859031e-009
3.859244e-009
3.859245e-009
3.861904e-009
3.862499e-009
3.862499e-009
3.863970e-009
3.865188e-009
3.865188e-009
3.877318e-009
3.877318e-009
3.884243e-009
3.889584e-009
3.891958e-009
3.891958e-009
3.891959e-009
3.892515e-009
3.897236e-009
3.898329e-009
3.903828e-009
3.903828e-009
3.904814e-009
3.912628e-009
3.912628e-009
3.914258e-009
3.916465e-009
3.916465e-009
3.918154e-009
3.920838e-009
3.926950e-009
3.933715e-009
3.934056e-009
3.942173e-009
3.943308e-009
3.956905e-009
3.963939e-009
3.966006e-009
3.968874e-009
3.973865e-009
3.974355e-009
3.976263e-009
3.976811e-009
3.983146e-009
3.992018e-009
3.998511e-009
4.005531e-009
4.007690e-009
4.014276e-009
4.014276e-009
4.014570e-009
4.016665e-009
4.020247e-009
4.020247e-009
4.020911e-009
4.022424e-009
4.023866e-009
4.028386e-009
4.028695e-009
4.028817e-009
4.028817e-009
4.036591e-009
4.038377e-009
4.040720e-009
4.047476e-009
4.050765e-009
4.051309e-009
4.056009e-009
4.056378e-009
4.058774e-009
4.059580e-009
4.060957e-009
4.064190e-009
4.065234e-009
4.066272e-009
4.068808e-009
4.068915e-009
4.068952e-009
4.079745e-009
4.081137e-009
4.081137e-009
4.081138e-009
4.084180e-009
4.089193e-009
4.091347e-009
4.091546e-009
4.095709e-009
4.095710e-009
4.098640e-009
4.102262e-009
4.105904e-009
4.110069e-009
4.110164e-009
4.110164e-009
4.116411e-009
4.118952e-009
4.128008e-009
4.128008e-009
4.128008e-009
4.128009e-009
4.131399e-009
4.131399e-009
4.135766e-009
4.137874e-009
4.138060e-009
4.139053e-009
4.140092e-009
4.153114e-009
4.154397e-009
4.154398e-009
4.155052e-009
4.155840e-009
4.155841e-009
4.155841e-009
4.162850e-009
4.169896e-009
4.170766e-009
4.170766e-009
4.175057e-009
4.178974e-009
4.185808e-009
4.186306e-009
4.189117e-009
4.191750e-009
4.191751e-009
4.192737e-009
4.192737e-009
4.193891e-009
4.197827e-009
4.198071e-009
4.204130e-009
4.216284e-009
4.217763e-009
4.218549e-009
4.218818e-009
4.220689e-009
4.221532e-009
4.222130e-009
4.224534e-009
4.224534e-009
4.224534e-009
4.225089e-009
4.225103e-009
4.226455e-009
4.226670e-009
4.226671e-009
4.229367e-009
4.231480e-009
4.232391e-009
4.232392e-009
4.233810e-009
4.236192e-009
4.236192e-009
4.239076e-009
4.239123e-009
4.239123e-009
4.241222e-009
4.242467e-009
4.243478e-009
4.251759e-009
4.269379e-009
4.271934e-009
4.272689e-009
4.272690e-009
4.272918e-009
4.275326e-009
4.279044e-009
4.281425e-009
4.283979e-009
4.284438e-009
4.284438e-009
4.284438e-009
4.287985e-009
4.290749e-009
4.293672e-009
4.293805e-009
4.298115e-009
4.298116e-009
4.312284e-009
4.319995e-009
4.320537e-009
4.322901e-009
4.324477e-009
4.327706e-009
4.332732e-009
4.335335e-009
4.341210e-009
4.342013e-009
4.342013e-009
4.342405e-009
4.342847e-009
4.342847e-009
4.345717e-009
4.348071e-009
4.348633e-009
4.360130e-009
4.361750e-009
4.361871e-009
4.367347e-009
4.367532e-009
4.368869e-009
4.369451e-009
4.369451e-009
4.370535e-009
4.373452e-009
4.375373e-009
4.377683e-009
4.377683e-009
4.385166e-009
4.385201e-009
4.390467e-009
4.391841e-009
4.392259e-009
4.393385e-009
4.393563e-009
4.395799e-009
4.398094e-009
4.401378e-009
4.402656e-009
4.404430e-009
4.407291e-009
4.407291e-009
4.409058e-009
4.411881e-009
4.411932e-009
4.416624e-009
4.416811e-009
4.420442e-009
4.422811e-009
4.429076e-009
4.429076e-009
4.429077e-009
4.433060e-009
4.433638e-009
4.440359e-009
4.443187e-009
4.443187e-009
4.451137e-009
4.451137e-009
4.452793e-009
4.452793e-009
4.459324e-009
4.461080e-009
4.463156e-009
4.468645e-009
4.470950e-009
4.477060e-009
4.479471e-009
4.481486e-009
4.482516e-009
4.486575e-009
4.489605e-009
4.490569e-009
4.492011e-009
4.501603e-009
4.507287e-009
4.511655e-009
4.515202e-009
4.518550e-009
4.518795e-009
4.522345e-009
4.522345e-009
4.536482e-009
4.537113e-009
4.544703e-009
4.544703e-009
4.546804e-009
4.548704e-009
4.549915e-009
4.555759e-009
4.556588e-009
4.557668e-009
4.562539e-009
4.563213e-009
4.578190e-009
4.580394e-009
4.581656e-009
4.584348e-009
4.586290e-009
4.587389e-009
4.587389e-009
4.587389e-009
4.588682e-009
4.588682e-009
4.593535e-009
4.596793e-009
4.596793e-009
4.596793e-009
4.598540e-009
4.599700e-009
4.599700e-009
4.601407e-009
4.609025e-009
4.618742e-009
4.627415e-009
4.628461e-009
4.628461e-009
4.631830e-009
4.634064e-009
4.637798e-009
4.640131e-009
4.640219e-009
4.643277e-009
4.644770e-009
4.648261e-009
4.651312e-009
4.651313e-009
4.651313e-009
4.652068e-009
4.655126e-009
4.657481e-009
4.658383e-009
4.659583e-009
4.659676e-009
4.660198e-009
4.661889e-009
4.662261e-009
4.666125e-009
4.667411e-009
4.670037e-009
4.671853e-009
4.672659e-009
4.673581e-009
4.673582e-009
4.691165e-009
4.694663e-009
4.694663e-009
4.694663e-009
4.710134e-009
4.710134e-009
4.710134e-009
4.712290e-009
4.712733e-009
4.716811e-009
4.717209e-009
4.718117e-009
4.722984e-009
4.724945e-009
4.727182e-009
4.731060e-009
4.735943e-009
4.735943e-009
4.735943e-009
4.736310e-009
4.737535e-009
4.740720e-009
4.740720e-009
4.740720e-009
4.742319e-009
4.742319e-009
4.742319e-009
4.742969e-009
4.747283e-009
4.752268e-009
4.755823e-009
4.757840e-009
4.758671e-009
4.759688e-009
4.763826e-009
4.767772e-009
4.769417e-009
4.774889e-009
4.782164e-009
4.787225e-009
4.789131e-009
4.792534e-009
4.802983e-009
4.807338e-009
4.807912e-009
4.812670e-009
4.813162e-009
4.813162e-009
4.824327e-009
4.831446e-009
4.842762e-009
4.844504e-009
4.844766e-009
4.845497e-009
4.846996e-009
4.849200e-009
4.849200e-009
4.856570e-009
4.858181e-009
4.862583e-009
4.863374e-009
4.865896e-009
4.865897e-009
4.866995e-009
4.870719e-009
4.871487e-009
4.875030e-009
4.883346e-009
4.883346e-009
4.883346e-009
4.883346e-009
4.902584e-009
4.902584e-009
4.902584e-009
4.902758e-009
4.902758e-009
4.902759e-009
4.904795e-009
4.907109e-009
4.909799e-009
4.910308e-009
4.910570e-009
4.913786e-009
4.927423e-009
4.927423e-009
4.927526e-009
4.927526e-009
4.929954e-009
4.930080e-009
4.932847e-009
4.932847e-009
4.937908e-009
4.937908e-009
4.938876e-009
4.938876e-009
4.940731e-009
4.946306e-009
4.953213e-009
4.953913e-009
4.953913e-009
4.958975e-009
4.967604e-009
4.968859e-009
4.969009e-009
4.969928e-009
4.973724e-009
4.975962e-009
4.976140e-009
4.976141e-009
4.980100e-009
4.980100e-009
4.980301e-009
4.980302e-009
4.980302e-009
4.985785e-009
4.987101e-009
4.987101e-009
4.987498e-009
4.988757e-009
4.991398e-009
4.997471e-009
5.000335e-009
5.000630e-009
5.000734e-009
5.000734e-009
5.007350e-009
5.008987e-009
5.008987e-009
5.010305e-009
5.015052e-009
5.015754e-009
5.015755e-009
5.017233e-009
5.018369e-009
5.023765e-009
5.024541e-009
5.024921e-009
5.024922e-009
5.024922e-009
5.025423e-009
5.026363e-009
5.027091e-009
5.027091e-009
5.039900e-009
5.042546e-009
5.046226e-009
5.054237e-009
5.054238e-009
5.054238e-009
5.055587e-009
5.061449e-009
5.062930e-009
5.063052e-009
5.067879e-009
5.069881e-009
5.078908e-009
5.078909e-009
5.078909e-009
5.080474e-009
5.081403e-009
5.082944e-009
5.083777e-009
5.084566e-009
5.087128e-009
5.091692e-009
5.096839e-009
5.096907e-009
5.096908e-009
5.098303e-009
5.098303e-009
5.104765e-009
5.112964e-009
5.117221e-009
5.126112e-009
5.130229e-009
5.130825e-009
5.131721e-009
5.136130e-009
5.138676e-009
5.140924e-009
5.140924e-009
5.152512e-009
5.158249e-009
5.158431e-009
5.159121e-009
5.161220e-009
5.162950e-009
5.166673e-009
5.167279e-009
5.172856e-009
5.172856e-009
5.172856e-009
5.174933e-009
5.174933e-009
5.178622e-009
5.181554e-009
5.181791e-009
5.181801e-009
5.182524e-009
5.187400e-009
5.187870e-009
5.188878e-009
5.190379e-009
5.201381e-009
5.207441e-009
5.208883e-009
5.208883e-009
5.208884e-009
5.210949e-009
5.214621e-009
5.216652e-009
5.222023e-009
5.222023e-009
5.222023e-009
5.224375e-009
5.224375e-009
5.230293e-009
5.238785e-009
5.238785e-009
5.239532e-009
5.240689e-009
5.240689e-009
5.240944e-009
5.251098e-009
5.253609e-009
5.253610e-009
5.268143e-009
5.268143e-009
5.270433e-009
5.270433e-009
5.272014e-009
5.274426e-009
5.274427e-009
5.274694e-009
5.274704e-009
5.276845e-009
5.277695e-009
5.279203e-009
5.279204e-009
5.284562e-009
5.285222e-009
5.285222e-009
5.288033e-009
5.288034e-009
5.288034e-009
5.288083e-009
5.288083e-009
5.294476e-009
5.294476e-009
5.305828e-009
5.306487e-009
5.306487e-009
5.307896e-009
5.307897e-009
5.307897e-009
5.308918e-009
5.308918e-009
5.309551e-009
5.311887e-009
5.311887e-009
5.313000e-009
5.315910e-009
5.315911e-009
5.318082e-009
5.319806e-009
5.319946e-009
5.325377e-009
5.325377e-009
5.325453e-009
5.326581e-009
5.326606e-009
5.327799e-009
5.328946e-009
5.328946e-009
5.330743e-009
5.339098e-009
5.347822e-009
5.349974e-009
5.352270e-009
5.352502e-009
5.352685e-009
5.353307e-009
5.354051e-009
5.354264e-009
5.356476e-009
5.365814e-009
5.371962e-009
5.376302e-009
5.378349e-009
5.378560e-009
5.389786e-009
5.391133e-009
5.391730e-009
5.393511e-009
5.393978e-009
5.395773e-009
5.395813e-009
5.397059e-009
5.399206e-009
5.399757e-009
5.399758e-009
5.399758e-009
5.400807e-009
5.401823e-009
5.402117e-009
5.407313e-009
5.410738e-009
5.411268e-009
5.412023e-009
5.416304e-009
5.418387e-009
5.419456e-009
5.419456e-009
5.426388e-009
5.426388e-009
5.432488e-009
5.439026e-009
5.439026e-009
5.443113e-009
5.443113e-009
5.443113e-009
5.448327e-009
5.449136e-009
5.449646e-009
5.449647e-009
5.450083e-009
5.450443e-009
5.457553e-009
5.463332e-009
5.464939e-009
5.469107e-009
5.477268e-009
5.482684e-009
5.486763e-009
5.486763e-009
5.486763e-009
5.486990e-009
5.487165e-009
5.494714e-009
5.497326e-009
5.500667e-009
5.501210e-009
5.501210e-009
5.501210e-009
5.503616e-009
5.506560e-009
5.511666e-009
5.520327e-009
5.521263e-009
5.521263e-009
5.523108e-009
5.524937e-009
5.525026e-009
5.526999e-009
5.533542e-009
5.535407e-009
5.540930e-009
5.542071e-009
5.544325e-009
5.544789e-009
5.548052e-009
5.548654e-009
5.548845e-009
5.550468e-009
5.552911e-009
5.554740e-009
5.567969e-009
5.567969e-009
5.568579e-009
5.569627e-009
5.569817e-009
5.577478e-009
5.581315e-009
5.592344e-009
5.592344e-009
5.593733e-009
5.593799e-009
5.593799e-009
5.601653e-009
5.610420e-009
5.610421e-009
5.615726e-009
5.615823e-009
5.615823e-009
5.615823e-009
5.617124e-009
5.619408e-009
5.620615e-009
5.623853e-009
5.628284e-009
5.631285e-009
5.631713e-009
5.644211e-009
5.646450e-009
5.659733e-009
5.659734e-009
5.659734e-009
5.661178e-009
5.668465e-009
5.669852e-009
5.672279e-009
5.673579e-009
5.677006e-009
5.685127e-009
5.698893e-009
5.709617e-009
5.709617e-009
5.713651e-009
5.716769e-009
5.717482e-009
5.717482e-009
5.718156e-009
5.718157e-009
5.718157e-009
5.719169e-009
5.720469e-009
5.720469e-009
5.726824e-009
5.727509e-009
5.735143e-009
5.735143e-009
5.739593e-009
5.742152e-009
5.749948e-009
5.750640e-009
5.750640e-009
5.754050e-009
5.754549e-009
5.755827e-009
5.756481e-009
5.756481e-009
5.757644e-009
5.757644e-009
5.757644e-009
5.759243e-009
5.760570e-009
5.761445e-009
5.764797e-009
5.764993e-009
5.764993e-009
5.766430e-009
5.766431e-009
5.766431e-009
5.768328e-009
5.774779e-009
5.777602e-009
5.779222e-009
5.779222e-009
5.779723e-009
5.781453e-009
5.786550e-009
5.796280e-009
5.798845e-009
5.798846e-009
5.810153e-009
5.810781e-009
5.810999e-009
5.814035e-009
5.823599e-009
5.824976e-009
5.831156e-009
5.831165e-009
5.835071e-009
5.836859e-009
5.836859e-009
5.837295e-009
5.837533e-009
5.839140e-009
5.844472e-009
5.845921e-009
5.846244e-009
5.850448e-009
5.858022e-009
5.862093e-009
5.864543e-009
5.866149e-009
5.870101e-009
5.870644e-009
5.870645e-009
5.870645e-009
5.872886e-009
5.881551e-009
5.886050e-009
5.888567e-009
5.888927e-009
5.888927e-009
5.892361e-009
5.892361e-009
5.893875e-009
5.893875e-009
5.895527e-009
5.898436e-009
5.905285e-009
5.906948e-009
5.909169e-009
5.910337e-009
5.917482e-009
5.917996e-009
5.917996e-009
5.917996e-009
5.918981e-009
5.918981e-009
5.920228e-009
5.920228e-009
5.922131e-009
5.922131e-009
5.929188e-009
5.930495e-009
5.931406e-009
5.934285e-009
5.937420e-009
5.941182e-009
5.941182e-009
5.941762e-009
5.943671e-009
5.949193e-009
5.953307e-009
5.955585e-009
5.958028e-009
5.961078e-009
5.963473e-009
5.963624e-009
5.964476e-009
5.966037e-009
5.967534e-009
5.968708e-009
5.969691e-009
5.970894e-009
5.977681e-009
5.985301e-009
6.002880e-009
6.004199e-009
6.005006e-009
6.005111e-009
6.005111e-009
6.015385e-009
6.016251e-009
6.016629e-009
6.016680e-009
6.017173e-009
6.024459e-009
6.026647e-009
6.027611e-009
6.033641e-009
6.033642e-009
6.033887e-009
6.037238e-009
6.040211e-009
6.040885e-009
6.047548e-009
6.052600e-009
6.056660e-009
6.058982e-009
6.058982e-009
6.063316e-009
6.065250e-009
6.073489e-009
6.076175e-009
6.077469e-009
6.080414e-009
6.080414e-009
6.083178e-009
6.086937e-009
6.087560e-009
6.090631e-009
6.092335e-009
6.092775e-009
6.097497e-009
6.098190e-009
6.101116e-009
6.101116e-009
6.101117e-009
6.104230e-009
6.107900e-009
6.110422e-009
6.111093e-009
6.111477e-009
6.116630e-009
6.122371e-009
6.122371e-009
6.125843e-009
6.127797e-009
6.127797e-009
6.130590e-009
6.130591e-009
6.130857e-009
6.131625e-009
6.131625e-009
6.132382e-009
6.134225e-009
6.136888e-009
6.138104e-009
6.146136e-009
6.155524e-009
6.155524e-009
6.155524e-009
6.158493e-009
6.164429e-009
6.164460e-009
6.165639e-009
6.165652e-009
6.167516e-009
6.169466e-009
6.177113e-009
6.180848e-009
6.180848e-009
6.181857e-009
6.187308e-009
6.194989e-009
6.196234e-009
6.207588e-009
6.210502e-009
6.215689e-009
6.215690e-009
6.215690e-009
6.222591e-009
6.222591e-009
6.225197e-009
6.243031e-009
6.246581e-009
6.248054e-009
6.248054e-009
6.248054e-009
6.250608e-009
6.261808e-009
6.263976e-009
6.266377e-009
6.266377e-009
6.276167e-009
6.278759e-009
6.280137e-009
6.280137e-009
6.281490e-009
6.283378e-009
6.290243e-009
6.290243e-009
6.291505e-009
6.291738e-009
6.293412e-009
6.300019e-009
6.304459e-009
6.310934e-009
6.310934e-009
6.310934e-009
6.316633e-009
6.316633e-009
6.319929e-009
6.322616e-009
6.322942e-009
6.323099e-009
6.328379e-009
6.338857e-009
6.341070e-009
6.345334e-009
6.345334e-009
6.345727e-009
6.346096e-009
6.346483e-009
6.348518e-009
6.348579e-009
6.349145e-009
6.349577e-009
6.349736e-009
6.349736e-009
6.352672e-009
6.362839e-009
6.362839e-009
6.362839e-009
6.364578e-009
6.367716e-009
6.373279e-009
6.388104e-009
6.399892e-009
6.401432e-009
6.403228e-009
6.405423e-009
6.407316e-009
6.408855e-009
6.408855e-009
6.408855e-009
6.408856e-009
6.412823e-009
6.414529e-009
6.414549e-009
6.414549e-009
6.419877e-009
6.419877e-009
6.419877e-009
6.420795e-009
6.422480e-009
6.422480e-009
6.422964e-009
6.424890e-009
6.425060e-009
6.425060e-009
6.427229e-009
6.430084e-009
6.430084e-009
6.433510e-009
6.438125e-009
6.442950e-009
6.443564e-009
6.443564e-009
6.446290e-009
6.446780e-009
6.450371e-009
6.455909e-009
6.455909e-009
6.455910e-009
6.456095e-009
6.462283e-009
6.462538e-009
6.463759e-009
6.469656e-009
6.469830e-009
6.470515e-009
6.471092e-009
6.471561e-009
6.472892e-009
6.473795e-009
6.473795e-009
6.474404e-009
6.475870e-009
6.483218e-009
6.485281e-009
6.487243e-009
6.490377e-009
6.490378e-009
6.490378e-009
6.492222e-009
6.493285e-009
6.496373e-009
6.506654e-009
6.511279e-009
6.511279e-009
6.516064e-009
6.521921e-009
6.525284e-009
6.528003e-009
6.528516e-009
6.529059e-009
6.530964e-009
6.537712e-009
6.542614e-009
6.545256e-009
6.549559e-009
6.555477e-009
6.558391e-009
6.562873e-009
6.564329e-009
6.564329e-009
6.568440e-009
6.568902e-009
6.574001e-009
6.579754e-009
6.582450e-009
6.582450e-009
6.583075e-009
6.583076e-009
6.586136e-009
6.591792e-009
6.597472e-009
6.598389e-009
6.598616e-009
6.598617e-009
6.598617e-009
6.609155e-009
6.609155e-009
6.611588e-009
6.618185e-009
6.619958e-009
6.620296e-009
6.628022e-009
6.628652e-009
6.629005e-009
6.633306e-009
6.640549e-009
6.641095e-009
6.643750e-009
6.644274e-009
6.648184e-009
6.648184e-009
6.648184e-009
6.659347e-009
6.666525e-009
6.673316e-009
6.675843e-009
6.676124e-009
6.676154e-009
6.676154e-009
6.677554e-009
6.679881e-009
6.682166e-009
6.686463e-009
6.691381e-009
6.691887e-009
6.693034e-009
6.696234e-009
6.698645e-009
6.698645e-009
6.706701e-009
6.706702e-009
6.706702e-009
6.707283e-009
6.708399e-009
6.709336e-009
6.713014e-009
6.713015e-009
6.713015e-009
6.715881e-009
6.716779e-009
6.718363e-009
6.719937e-009
6.720381e-009
6.721742e-009
6.734300e-009
6.744814e-009
6.745547e-009
6.746769e-009
6.752669e-009
6.754800e-009
6.758176e-009
6.758319e-009
6.767852e-009
6.767852e-009
6.767852e-009
6.770722e-009
6.772646e-009
6.775871e-009
6.777347e-009
6.777347e-009
6.779173e-009
6.779358e-009
6.779871e-009
6.779871e-009
6.782843e-009
6.789763e-009
6.790770e-009
6.792291e-009
6.800025e-009
6.805194e-009
6.805195e-009
6.805195e-009
6.808851e-009
6.808852e-009
6.809115e-009
6.811147e-009
6.811464e-009
6.812177e-009
6.815510e-009
6.815510e-009
6.815510e-009
6.816424e-009
6.817466e-009
6.820030e-009
6.820030e-009
6.822109e-009
6.826188e-009
6.826216e-009
6.830034e-009
6.840398e-009
6.840399e-009
6.840557e-009
6.840557e-009
6.841067e-009
6.843260e-009
6.843420e-009
6.843420e-009
6.844896e-009
6.846815e-009
6.853375e-009
6.858986e-009
6.863298e-009
6.864228e-009
6.864996e-009
6.864996e-009
6.868239e-009
6.868584e-009
6.868717e-009
6.868948e-009
6.868948e-009
6.869776e-009
6.876800e-009
6.879843e-009
6.880219e-009
6.882040e-009
6.882041e-009
6.882337e-009
6.886076e-009
6.893085e-009
6.893085e-009
6.893104e-009
6.900452e-009
6.900788e-009
6.903302e-009
6.904309e-009
6.913751e-009
6.914282e-009
6.914881e-009
6.916007e-009
6.918555e-009
6.923007e-009
6.925108e-009
6.929025e-009
6.931314e-009
6.933301e-009
6.936127e-009
6.946119e-009
6.948490e-009
6.948607e-009
6.948607e-009
6.951468e-009
6.955101e-009
6.955102e-009
6.955373e-009
6.955373e-009
6.955626e-009
6.956364e-009
6.960860e-009
6.960860e-009
6.963362e-009
6.967379e-009
6.970187e-009
6.970187e-009
6.971701e-009
6.979451e-009
6.985815e-009
6.994098e-009
6.994936e-009
6.995430e-009
7.001840e-009
7.002565e-009
7.002565e-009
7.002947e-009
7.003600e-009
7.005745e-009
7.012883e-009
7.014339e-009
7.014339e-009
7.014339e-009
7.023310e-009
7.029612e-009
7.029741e-009
7.030121e-009
7.032142e-009
7.039762e-009
7.042712e-009
7.042712e-009
7.043770e-009
7.049015e-009
7.052299e-009
7.054414e-009
7.054812e-009
7.075380e-009
7.076610e-009
7.077470e-009
7.079477e-009
7.079477e-009
7.079755e-009
7.085268e-009
7.085268e-009
7.085268e-009
7.088804e-009
7.088804e-009
7.100009e-009
7.100009e-009
7.106390e-009
7.106990e-009
7.108529e-009
7.109534e-009
7.110744e-009
7.110744e-009
7.111880e-009
7.112105e-009
7.113633e-009
7.114620e-009
7.114834e-009
7.117435e-009
7.118713e-009
7.118714e-009
7.120337e-009
7.120337e-009
7.124347e-009
7.124348e-009
7.124352e-009
7.127644e-009
7.130257e-009
7.135895e-009
7.136486e-009
7.136487e-009
7.137382e-009
7.142026e-009
7.142413e-009
7.143408e-009
7.146358e-009
7.148927e-009
7.149746e-009
7.151652e-009
7.152821e-009
7.154748e-009
7.155001e-009
7.155544e-009
7.155986e-009
7.161015e-009
7.161015e-009
7.167007e-009
7.168550e-009
7.170258e-009
7.171213e-009
7.171213e-009
7.172231e-009
7.174919e-009
7.176983e-009
7.176983e-009
7.176983e-009
7.179632e-009
7.179668e-009
7.187298e-009
7.193075e-009
7.194306e-009
7.194393e-009
7.196174e-009
7.196886e-009
7.196887e-009
7.201106e-009
7.203509e-009
7.204547e-009
7.206933e-009
7.219556e-009
7.220413e-009
7.220964e-009
7.227100e-009
7.238250e-009
7.243204e-009
7.244028e-009
7.261700e-009
7.262883e-009
7.265470e-009
7.265470e-009
7.271720e-009
7.271720e-009
7.271720e-009
7.272022e-009
7.278906e-009
7.280822e-009
7.280823e-009
7.281550e-009
7.283361e-009
7.283538e-009
7.286109e-009
7.296071e-009
7.297167e-009
7.297167e-009
7.298097e-009
7.298285e-009
7.304888e-009
7.305543e-009
7.311404e-009
7.313682e-009
7.313972e-009
7.314248e-009
7.315025e-009
7.321405e-009
7.323588e-009
7.324924e-009
7.324925e-009
7.324925e-009
7.332306e-009
7.333038e-009
7.333038e-009
7.335581e-009
7.337738e-009
7.337738e-009
7.337738e-009
7.339611e-009
7.339611e-009
7.344208e-009
7.346829e-009
7.346829e-009
7.346829e-009
7.346829e-009
7.346830e-009
7.348760e-009
7.348760e-009
7.349433e-009
7.349433e-009
7.350844e-009
7.350845e-009
7.355674e-009
7.358422e-009
7.360988e-009
7.362252e-009
7.362252e-009
7.367768e-009
7.367975e-009
7.369810e-009
7.370044e-009
7.370044e-009
7.372665e-009
7.373007e-009
7.373318e-009
7.379693e-009
7.379693e-009
7.392422e-009
7.397222e-009
7.399186e-009
7.400016e-009
7.402163e-009
7.402163e-009
7.404887e-009
7.410326e-009
7.410326e-009
7.412523e-009
7.412523e-009
7.414748e-009
7.417894e-009
7.417894e-009
7.417917e-009
7.419083e-009
7.431386e-009
7.432052e-009
7.434285e-009
7.434614e-009
7.435208e-009
7.435208e-009
7.437300e-009
7.437358e-009
7.437358e-009
7.444674e-009
7.445392e-009
7.446915e-009
7.448791e-009
7.450406e-009
7.450407e-009
7.450407e-009
7.451357e-009
7.459514e-009
7.460793e-009
7.462375e-009
7.462375e-009
7.472862e-009
7.476166e-009
7.477034e-009
7.478466e-009
7.478466e-009
7.479949e-009
7.481954e-009
7.487906e-009
7.488850e-009
7.498216e-009
7.501517e-009
7.504834e-009
7.505249e-009
7.505250e-009
7.509019e-009
7.509383e-009
7.509384e-009
7.513942e-009
7.513942e-009
7.518886e-009
7.519450e-009
7.527850e-009
7.527850e-009
7.529033e-009
7.529197e-009
7.530033e-009
7.531453e-009
7.531718e-009
7.536836e-009
7.537402e-009
7.541645e-009
7.541645e-009
7.541645e-009
7.543149e-009
7.544261e-009
7.544844e-009
7.545673e-009
7.545673e-009
7.546060e-009
7.546060e-009
7.546420e-009
7.546420e-009
7.546917e-009
7.546917e-009
7.547809e-009
7.553656e-009
7.557254e-009
7.557620e-009
7.561152e-009
7.561152e-009
7.561838e-009
7.561985e-009
7.564714e-009
7.572962e-009
7.580290e-009
7.580892e-009
7.580892e-009
7.581334e-009
7.583171e-009
7.583171e-009
7.584638e-009
7.585614e-009
7.585614e-009
7.587552e-009
7.588096e-009
7.592684e-009
7.593289e-009
7.593705e-009
7.593705e-009
7.595987e-009
7.595987e-009
7.596939e-009
7.602319e-009
7.602895e-009
7.604427e-009
7.606754e-009
7.609729e-009
7.611952e-009
7.612717e-009
7.612718e-009
7.612851e-009
7.617772e-009
7.627461e-009
7.637674e-009
7.637674e-009
7.648430e-009
7.651644e-009
7.654446e-009
7.656481e-009
7.659116e-009
7.666985e-009
7.666985e-009
7.671894e-009
7.673950e-009
7.679640e-009
7.679640e-009
7.682458e-009
7.682542e-009
7.683048e-009
7.683048e-009
7.686913e-009
7.692948e-009
7.697360e-009
7.699179e-009
7.699180e-009
7.699180e-009
7.702900e-009
7.704282e-009
7.704546e-009
7.704615e-009
7.705886e-009
7.707556e-009
7.710835e-009
7.712968e-009
7.713279e-009
7.716322e-009
7.716322e-009
7.716322e-009
7.717529e-009
7.717530e-009
7.721525e-009
7.722631e-009
7.722862e-009
7.722862e-009
7.724659e-009
7.726686e-009
7.726741e-009
7.738435e-009
7.741744e-009
7.745732e-009
7.745909e-009
7.751372e-009
7.752030e-009
7.757740e-009
7.761302e-009
7.762524e-009
7.775771e-009
7.775772e-009
7.775772e-009
7.789378e-009
7.791020e-009
7.792526e-009
7.794511e-009
7.795510e-009
7.798852e-009
7.799928e-009
7.799928e-009
7.801286e-009
7.801717e-009
7.802165e-009
7.803007e-009
7.809893e-009
7.816085e-009
7.816085e-009
7.817174e-009
7.817174e-009
7.820230e-009
7.821202e-009
7.821209e-009
7.824885e-009
7.825019e-009
7.826072e-009
7.828868e-009
7.830761e-009
7.834915e-009
7.838599e-009
7.838599e-009
7.839414e-009
7.842630e-009
7.842805e-009
7.843593e-009
7.843621e-009
7.844635e-009
7.847385e-009
7.848350e-009
7.849402e-009
7.849403e-009
7.849811e-009
7.851993e-009
7.851993e-009
7.854197e-009
7.855278e-009
7.855279e-009
7.868920e-009
7.868920e-009
7.870929e-009
7.881489e-009
7.883821e-009
7.885634e-009
7.887120e-009
7.887120e-009
7.887167e-009
7.887737e-009
7.888998e-009
7.890076e-009
7.890242e-009
7.891991e-009
7.895430e-009
7.896919e-009
7.897483e-009
7.898455e-009
7.899575e-009
7.899972e-009
7.906878e-009
7.910639e-009
7.910639e-009
7.910774e-009
7.912427e-009
7.915159e-009
7.915159e-009
7.921231e-009
7.927214e-009
7.935105e-009
7.936326e-009
7.936326e-009
7.939237e-009
7.939237e-009
7.939237e-009
7.939515e-009
7.939734e-009
7.943284e-009
7.945447e-009
7.947006e-009
7.947006e-009
7.947006e-009
7.947588e-009
7.953962e-009
7.954523e-009
7.964712e-009
7.964909e-009
7.966211e-009
7.966211e-009
7.978183e-009
7.980690e-009
7.991484e-009
7.991484e-009
7.993336e-009
7.993337e-009
7.997272e-009
7.997573e-009
7.999792e-009
8.001799e-009
8.004431e-009
8.012123e-009
8.012317e-009
8.012359e-009
8.013053e-009
8.013054e-009
8.016705e-009
8.019796e-009
8.019796e-009
8.020950e-009
8.027547e-009
8.031724e-009
8.035807e-009
8.036303e-009
8.040405e-009
8.050749e-009
8.051373e-009
8.051373e-009
8.053539e-009
8.054355e-009
8.059803e-009
8.059804e-009
8.061654e-009
8.062101e-009
8.062171e-009
8.063011e-009
8.073424e-009
8.079796e-009
8.082784e-009
8.082962e-009
8.083693e-009
8.084214e-009
8.086681e-009
8.086681e-009
8.086682e-009
8.087937e-009
8.089077e-009
8.102981e-009
8.104181e-009
8.104466e-009
8.104466e-009
8.104957e-009
8.105154e-009
8.120813e-009
8.121598e-009
8.121598e-009
8.124360e-009
8.124360e-009
8.124360e-009
8.125482e-009
8.125482e-009
8.127446e-009
8.130718e-009
8.132717e-009
8.135888e-009
8.135888e-009
8.145227e-009
8.146458e-009
8.151982e-009
8.151982e-009
8.151982e-009
8.152252e-009
8.154553e-009
8.156520e-009
8.158010e-009
8.158010e-009
8.160561e-009
8.161442e-009
8.163765e-009
8.164770e-009
8.164770e-009
8.164770e-009
8.168756e-009
8.172021e-009
8.172936e-009
8.176706e-009
8.184506e-009
8.185309e-009
8.186513e-009
8.190454e-009
8.194993e-009
8.206934e-009
8.207236e-009
8.208547e-009
8.215065e-009
8.217590e-009
8.221347e-009
8.225158e-009
8.228681e-009
8.230227e-009
8.231805e-009
8.231806e-009
8.231806e-009
8.235585e-009
8.239194e-009
8.242126e-009
8.243653e-009
8.243653e-009
8.246992e-009
8.246993e-009
8.254626e-009
8.265526e-009
8.266879e-009
8.267820e-009
8.275855e-009
8.278537e-009
8.280455e-009
8.280455e-009
8.280455e-009
8.282288e-009
8.282288e-009
8.285627e-009
8.287570e-009
8.287570e-009
8.287570e-009
8.287934e-009
8.287934e-009
8.289973e-009
8.291130e-009
8.291275e-009
8.300002e-009
8.303609e-009
8.307286e-009
8.307831e-009
8.307921e-009
8.308780e-009
8.308780e-009
8.310961e-009
8.310961e-009
8.310966e-009
8.314596e-009
8.315894e-009
8.316276e-009
8.316277e-009
8.316277e-009
8.316966e-009
8.317489e-009
8.317846e-009
8.318701e-009
8.321480e-009
8.325122e-009
8.328358e-009
8.328358e-009
8.328358e-009
8.328889e-009
8.329000e-009
8.335941e-009
8.335983e-009
8.338605e-009
8.338706e-009
8.338706e-009
8.339570e-009
8.343111e-009
8.343131e-009
8.343131e-009
8.344877e-009
8.353735e-009
8.354018e-009
8.355520e-009
8.357840e-009
8.360794e-009
8.362760e-009
8.363200e-009
8.365615e-009
8.375530e-009
8.390220e-009
8.398496e-009
8.414326e-009
8.414677e-009
8.422998e-009
8.428818e-009
8.428818e-009
8.428818e-009
8.430730e-009
8.431909e-009
8.433876e-009
8.436085e-009
8.436413e-009
8.439481e-009
8.439481e-009
8.439481e-009
8.451522e-009
8.451522e-009
8.458492e-009
8.460611e-009
8.463432e-009
8.463432e-009
8.463432e-009
8.465370e-009
8.465370e-009
8.466124e-009
8.469751e-009
8.470421e-009
8.472492e-009
8.472493e-009
8.472493e-009
8.474411e-009
8.475796e-009
8.475796e-009
8.480741e-009
8.483414e-009
8.495170e-009
8.497369e-009
8.499007e-009
8.501447e-009
8.502168e-009
8.502685e-009
8.508631e-009
8.508688e-009
8.513738e-009
8.515502e-009
8.515502e-009
8.515503e-009
8.515503e-009
8.524415e-009
8.527149e-009
8.527594e-009
8.528222e-009
8.532379e-009
8.533128e-009
8.539406e-009
8.553140e-009
8.558044e-009
8.558754e-009
8.559267e-009
8.559267e-009
8.559268e-009
8.561875e-009
8.565887e-009
8.565888e-009
8.565888e-009
8.565888e-009
8.565888e-009
8.566273e-009
8.566274e-009
8.566274e-009
8.566867e-009
8.566867e-009
8.566867e-009
8.569538e-009
8.569578e-009
8.575660e-009
8.575695e-009
8.575695e-009
8.575695e-009
8.575696e-009
8.577880e-009
8.580266e-009
8.583972e-009
8.584694e-009
8.586794e-009
8.587296e-009
8.595347e-009
8.595347e-009
8.595347e-009
8.602978e-009
8.602978e-009
8.607496e-009
8.607496e-009
8.609051e-009
8.609701e-009
8.616000e-009
8.618303e-009
8.620849e-009
8.620849e-009
8.623817e-009
8.625731e-009
8.625731e-009
8.633308e-009
8.635153e-009
8.636014e-009
8.639063e-009
8.640709e-009
8.642020e-009
8.650138e-009
8.652098e-009
8.652490e-009
8.652856e-009
8.653278e-009
8.658432e-009
8.658432e-009
8.658511e-009
8.661902e-009
8.666742e-009
8.667574e-009
8.668051e-009
8.668430e-009
8.668430e-009
8.670164e-009
8.672136e-009
8.672455e-009
8.672455e-009
8.681568e-009
8.693242e-009
8.698293e-009
8.699329e-009
8.699329e-009
8.710014e-009
8.712066e-009
8.714959e-009
8.724996e-009
8.725851e-009
8.725851e-009
8.726409e-009
8.727575e-009
8.727576e-009
8.729840e-009
8.731344e-009
8.739295e-009
8.739295e-009
8.740109e-009
8.741373e-009
8.746321e-009
8.749395e-009
8.750002e-009
8.750881e-009
8.754296e-009
8.757413e-009
8.759965e-009
8.760059e-009
8.765778e-009
8.769465e-009
8.771839e-009
8.773751e-009
8.778402e-009
8.785960e-009
8.789229e-009
8.789229e-009
8.793476e-009
8.798055e-009
8.798055e-009
8.804095e-009
8.804188e-009
8.804189e-009
8.808388e-009
8.808949e-009
8.813504e-009
8.818956e-009
8.818957e-009
8.821402e-009
8.825625e-009
8.834737e-009
8.836103e-009
8.845979e-009
8.846097e-009
8.846342e-009
8.846342e-009
8.849759e-009
8.850667e-009
8.860015e-009
8.866531e-009
8.866826e-009
8.875433e-009
8.876657e-009
8.884164e-009
8.884301e-009
8.888839e-009
8.897245e-009
8.897381e-009
8.901238e-009
8.901238e-009
8.902372e-009
8.902568e-009
8.910016e-009
8.910016e-009
8.910026e-009
8.919718e-009
8.923501e-009
8.927383e-009
8.931336e-009
8.931992e-009
8.935594e-009
8.936290e-009
8.936290e-009
8.938533e-009
8.938867e-009
8.944792e-009
8.946823e-009
8.948941e-009
8.950435e-009
8.954285e-009
8.956367e-009
8.958185e-009
8.960654e-009
8.960882e-009
8.968270e-009
8.969983e-009
8.971955e-009
8.972162e-009
8.972306e-009
8.979934e-009
8.981124e-009
8.982546e-009
8.986174e-009
8.988075e-009
8.988075e-009
8.991739e-009
8.991739e-009
8.992465e-009
8.992465e-009
8.992465e-009
8.996243e-009
9.003846e-009
9.014425e-009
9.014530e-009
9.020254e-009
9.023348e-009
9.023790e-009
9.040026e-009
9.040027e-009
9.041109e-009
9.041549e-009
9.052477e-009
9.052477e-009
9.052477e-009
9.055492e-009
9.056552e-009
9.057867e-009
9.060186e-009
9.067958e-009
9.073636e-009
9.077998e-009
9.077998e-009
9.078525e-009
9.078526e-009
9.078526e-009
9.079920e-009
9.088465e-009
9.091088e-009
9.094816e-009
9.095015e-009
9.108975e-009
9.120402e-009
9.131835e-009
9.131835e-009
9.131835e-009
9.134751e-009
9.138821e-009
9.141908e-009
9.143921e-009
9.153236e-009
9.153236e-009
9.159017e-009
9.159017e-009
9.162198e-009
9.162198e-009
9.163614e-009
9.167665e-009
9.167896e-009
9.167897e-009
9.185633e-009
9.193605e-009
9.194813e-009
9.207206e-009
9.207418e-009
9.208555e-009
9.217805e-009
9.226767e-009
9.234933e-009
9.235903e-009
9.235904e-009
9.240882e-009
9.242297e-009
9.244888e-009
9.244888e-009
9.250511e-009
9.250700e-009
9.256395e-009
9.257212e-009
9.258872e-009
9.264372e-009
9.271771e-009
9.273638e-009
9.276674e-009
9.279190e-009
9.279759e-009
9.281609e-009
9.287340e-009
9.287340e-009
9.289296e-009
9.291726e-009
9.291726e-009
9.291856e-009
9.291856e-009
9.291856e-009
9.299140e-009
9.299661e-009
9.301143e-009
9.301143e-009
9.304800e-009
9.305092e-009
9.305092e-009
9.308749e-009
9.309516e-009
9.310980e-009
9.310981e-009
9.311069e-009
9.312870e-009
9.312969e-009
9.314242e-009
9.314926e-009
9.316261e-009
9.316926e-009
9.319376e-009
9.327839e-009
9.329254e-009
9.330452e-009
9.330453e-009
9.330651e-009
9.339714e-009
9.339714e-009
9.347948e-009
9.347948e-009
9.349324e-009
9.351399e-009
9.353789e-009
9.356381e-009
9.359679e-009
9.362971e-009
9.362971e-009
9.363304e-009
9.364579e-009
9.365715e-009
9.365715e-009
9.365715e-009
9.375357e-009
9.375952e-009
9.381634e-009
9.381634e-009
9.385684e-009
9.393749e-009
9.394821e-009
9.395942e-009
9.396733e-009
9.397184e-009
9.397902e-009
9.400694e-009
9.405548e-009
9.409092e-009
9.409092e-009
9.409092e-009
9.410556e-009
9.413561e-009
9.418418e-009
9.419489e-009
9.419676e-009
9.420479e-009
9.421906e-009
9.422611e-009
9.422611e-009
9.423476e-009
9.428671e-009
9.439340e-009
9.451190e-009
9.453511e-009
9.453562e-009
9.453562e-009
9.453562e-009
9.454823e-009
9.458335e-009
9.460355e-009
9.460356e-009
9.465016e-009
9.473095e-009
9.475935e-009
9.477583e-009
9.479451e-009
9.481342e-009
9.483346e-009
9.483347e-009
9.483798e-009
9.484684e-009
9.488588e-009
9.489735e-009
9.490034e-009
9.498367e-009
9.498367e-009
9.499919e-009
9.499919e-009
9.501224e-009
9.515036e-009
9.515611e-009
9.516925e-009
9.517155e-009
9.517943e-009
9.525651e-009
9.527119e-009
9.533169e-009
9.537731e-009
9.544700e-009
9.544701e-009
9.546516e-009
9.547180e-009
9.547180e-009
9.547180e-009
9.548258e-009
9.552615e-009
9.552823e-009
9.558940e-009
9.558940e-009
9.559989e-009
9.562101e-009
9.572632e-009
9.572633e-009
9.573043e-009
9.575815e-009
9.577056e-009
9.577057e-009
9.577057e-009
9.580024e-009
9.582856e-009
9.582856e-009
9.582889e-009
9.584497e-009
9.584852e-009
9.584853e-009
9.587636e-009
9.590482e-009
9.590482e-009
9.595543e-009
9.595574e-009
9.596912e-009
9.597212e-009
9.601884e-009
9.602261e-009
9.602261e-009
9.602647e-009
9.602647e-009
9.602648e-009
9.604518e-009
9.614384e-009
9.617264e-009
9.618423e-009
9.618616e-009
9.618616e-009
9.622380e-009
9.622380e-009
9.622380e-009
9.622712e-009
9.623085e-009
9.625090e-009
9.629758e-009
9.629759e-009
9.629874e-009
9.632020e-009
9.633811e-009
9.634040e-009
9.634040e-009
9.636196e-009
9.636197e-009
9.636533e-009
9.639387e-009
9.641959e-009
9.644199e-009
9.644200e-009
9.653767e-009
9.654527e-009
9.654527e-009
9.660821e-009
9.662152e-009
9.670714e-009
9.674740e-009
9.674740e-009
9.675931e-009
9.679035e-009
9.688602e-009
9.690070e-009
9.693112e-009
9.696967e-009
9.696967e-009
9.698593e-009
9.699112e-009
9.708577e-009
9.708774e-009
9.709382e-009
9.709527e-009
9.711292e-009
9.720137e-009
9.721241e-009
9.721536e-009
9.723992e-009
9.723992e-009
9.724147e-009
9.726079e-009
9.726325e-009
9.730800e-009
9.736125e-009
9.736165e-009
9.736794e-009
9.738499e-009
9.739665e-009
9.741261e-009
9.741898e-009
9.742481e-009
9.746109e-009
9.746900e-009
9.746900e-009
9.748319e-009
9.752684e-009
9.754879e-009
9.755992e-009
9.757764e-009
9.761122e-009
9.761123e-009
9.761123e-009
9.761731e-009
9.765898e-009
9.766307e-009
9.767356e-009
9.772143e-009
9.772143e-009
9.772997e-009
9.774199e-009
9.776948e-009
9.780127e-009
9.780127e-009
9.782319e-009
9.782320e-009
9.784765e-009
9.789649e-009
9.791982e-009
9.800434e-009
9.803882e-009
9.805856e-009
9.810897e-009
9.811553e-009
9.813147e-009
9.813148e-009
9.814069e-009
9.821953e-009
9.827006e-009
9.827853e-009
9.828452e-009
9.834708e-009
9.838504e-009
9.844090e-009
9.848651e-009
9.851092e-009
9.852671e-009
9.853054e-009
9.854165e-009
9.858541e-009
9.863469e-009
9.866329e-009
9.873000e-009
9.873978e-009
9.873978e-009
9.874726e-009
9.876410e-009
9.878924e-009
9.885587e-009
9.885588e-009
9.886739e-009
9.887532e-009
9.890138e-009
9.893001e-009
9.901118e-009
9.901354e-009
9.901354e-009
9.901354e-009
9.901355e-009
9.902180e-009
9.910213e-009
9.911631e-009
9.911631e-009
9.914490e-009
9.914541e-009
9.919488e-009
9.921472e-009
9.921473e-009
9.924293e-009
9.925773e-009
9.929330e-009
9.931343e-009
9.932548e-009
9.933057e-009
9.938907e-009
9.940230e-009
9.942187e-009
9.942188e-009
9.942188e-009
9.949567e-009
9.952681e-009
9.952682e-009
9.953254e-009
9.957270e-009
9.960670e-009
9.960760e-009
9.960938e-009
9.962044e-009
9.970277e-009
9.973222e-009
9.980518e-009
9.985198e-009
9.993451e-009
9.993452e-009
9.993452e-009
9.994617e-009
9.994617e-009
9.995215e-009
9.995216e-009
9.996183e-009
