11
15
12
19
15
13
11
11
45
56
14
15
14
22
14
13
13
14
14
17
35
65
22
13
11
14
13
12
12
17
12
12
15
12
11
12
16
16
17
18
34
103
64
15
12
14
12
11
11
14
11
14
12
39
45
14
11
16
43
15
11
19
13
15
13
17
11
14
19
12
13
13
15
15
12
14
13
18
11
14
13
15
17
11
11
32
42
20
11
12
14
16
11
14
19
12
73
64
13
11
14
22
16
14
15
104
57
14
11
11
14
17
23
20
11
11
18
15
15
13
13
12
16
14
20
13
14
15
13
14
11
14
13
11
80
50
24
12
11
22
30
12
18
14
14
14
12
13
15
14
12
13
17
12
16
17
14
18
11
11
16
11
12
14
14
13
12
13
22
13
12
19
11
12
23
12
13
11
14
18
15
12
17
12
13
22
13
13
23
14
13
19
11
13
16
23
21
13
15
14
12
11
16
12
11
18
14
14
40
40
20
16
15
42
47
26
11
41
145
81
16
15
13
16
14
15
16
14
13
11
13
13
24
21
34
17
15
16
12
12
12
11
11
13
15
15
14
43
38
15
36
25
11
17
15
15
20
28
14
13
16
18
19
15
12
16
14
13
13
14
12
19
15
12
13
16
13
14
40
25
15
13
17
11
21
12
12
13
12
16
71
58
11
18
12
16
13
265
665
222
15
15
11
14
32
12
15
15
12
16
13
16
15
18
13
17
18
11
15
30
31
19
23
19
13
14
15
21
11
11
12
15
13
12
14
13
12
12
11
18
21
19
14
14
14
18
14
16
58
61
11
53
27
13
41
63
18
11
11
13
41
30
17
29
55
33
11
15
13
12
27
33
13
14
24
60
16
15
15
22
73
41
12
11
13
15
20
21
12
18
16
12
13
13
17
13
15
16
12
13
12
16
14
13
12
14
13
13
13
13
15
22
12
12
17
15
14
13
14
15
21
29
30
14
33
26
20
12
12
16
11
16
14
21
16
13
14
13
15
12
11
25
13
13
12
13
12
15
13
13
91
64
12
25
12
17
19
11
16
12
12
12
17
63
64
26
11
18
13
16
15
13
14
11
19
11
15
14
15
16
17
17
76
37
11
16
14
13
19
11
13
13
14
13
11
15
12
11
21
13
11
13
12
11
26
13
19
11
17
11
21
11
17
13
11
17
13
11
14
12
15
11
15
13
14
13
14
14
12
13
16
14
15
13
14
12
13
20
13
15
16
16
14
14
12
18
16
23
17
40
15
19
18
87
33
15
14
14
11
12
13
18
18
19
11
12
12
12
20
12
12
13
18
15
17
17
19
12
16
16
13
12
14
12
12
17
11
17
14
15
12
15
13
11
13
11
26
34
11
15
15
11
15
11
12
11
13
11
13
22
13
11
12
15
14
37
63
23
23
13
14
21
17
13
15
13
15
12
13
12
12
19
11
15
12
12
17
13
11
12
11
17
13
13
15
18
12
45
37
23
19
16
26
20
15
15
11
22
13
13
12
13
14
11
14
15
15
14
16
16
49
11
14
19
39
24
18
16
15
43
50
13
11
14
12
13
12
12
15
12
18
15
14
19
18
12
13
16
12
15
11
11
22
11
12
12
17
16
14
11
12
16
15
13
11
12
14
12
13
16
16
16
11
14
27
97
87
16
34
92
52
14
17
11
13
14
13
18
17
21
36
19
16
14
13
13
14
16
18
17
13
14
22
21
15
19
11
14
17
15
17
13
12
11
16
24
18
18
13
13
11
15
11
12
15
17
32
74
26
20
14
12
14
11
14
12
17
13
16
17
19
12
11
23
13
13
11
18
27
21
11
12
13
14
11
13
11
12
12
11
14
16
13
13
12
26
47
28
12
12
15
18
18
13
28
17
54
15
14
12
17
14
17
17
41
12
11
14
14
72
18
23
18
15
20
15
12
15
11
13
11
14
12
11
13
12
17
12
16
44
17
14
14
15
14
15
15
11
19
11
16
21
17
13
17
12
13
13
17
12
14
18
14
13
19
25
19
11
13
11
12
17
32
28
13
11
15
12
12
13
11
12
13
11
11
15
16
14
17
11
11
16
13
11
14
14
15
20
14
12
12
12
13
12
12
50
29
23
14
17
15
11
19
11
19
15
11
14
16
12
20
22
28
18
16
11
14
16
12
11
15
16
12
35
21
14
15
11
12
13
12
11
11
15
14
13
15
14
15
12
17
17
11
15
17
35
43
12
17
24
12
16
11
11
54
51
16
15
15
11
23
28
74
45
12
15
12
18
12
19
16
12
11
16
12
16
11
12
15
12
43
14
32
14
15
13
24
13
14
15
38
22
16
16
12
12
13
17
11
11
22
18
15
16
12
24
49
34
18
11
16
12
57
76
24
27
13
11
14
16
18
17
11
50
70
15
13
15
31
52
17
14
18
13
14
19
11
11
15
15
12
16
11
17
13
13
17
12
17
11
19
11
13
16
11
16
14
12
68
39
11
15
15
13
17
11
11
12
39
21
13
13
12
12
12
14
16
27
50
17
21
13
14
13
22
50
36
12
15
12
21
11
12
12
14
12
15
13
60
37
14
22
12
20
15
11
13
14
14
12
12
19
20
24
43
22
20
11
13
13
14
21
11
16
41
51
17
14
110
15
17
15
71
25
22
72
39
65
81
19
13
12
17
16
12
16
38
45
11
15
11
15
13
13
15
20
11
13
12
14
15
15
15
13
12
11
14
13
11
16
15
13
11
11
15
27
13
11
14
11
11
11
15
79
72
11
12
19
12
42
77
15
14
11
11
14
18
16
23
17
13
15
16
21
17
22
13
13
12
18
14
12
13
14
14
32
34
11
45
33
19
11
12
12
12
33
61
20
12
13
23
14
40
42
15
16
43
13
11
17
11
16
15
16
11
14
11
18
23
18
16
13
11
15
13
15
15
15
16
38
50
34
13
19
16
19
15
22
16
17
15
14
20
12
12
32
17
59
114
18
17
20
13
14
17
17
11
21
13
11
15
11
13
20
20
11
14
17
13
24
40
12
14
11
15
12
13
14
22
20
13
21
24
14
54
26
12
18
108
73
14
14
15
14
12
14
19
11
15
13
19
14
14
13
12
11
13
13
15
14
12
12
17
11
20
11
14
15
15
16
15
11
16
14
11
15
12
11
22
24
13
14
18
26
34
12
15
12
15
16
14
19
12
16
11
15
17
15
15
14
12
11
15
12
11
19
21
14
12
13
11
13
19
16
13
12
23
41
11
17
32
49
43
19
14
15
23
11
12
17
12
12
16
16
24
20
14
17
11
12
21
14
20
11
15
13
13
12
54
51
11
11
15
14
11
14
17
14
12
11
13
15
20
11
13
16
13
11
11
15
29
11
32
18
11
14
12
16
16
15
12
11
23
26
72
41
11
13
12
20
13
80
66
18
17
22
23
16
11
11
32
12
15
11
13
15
22
12
12
16
12
17
11
22
11
12
11
13
20
11
12
18
11
15
22
16
21
18
20
11
11
11
13
12
11
20
11
16
13
18
13
16
15
12
12
17
16
13
13
11
13
15
12
13
12
16
15
11
12
15
14
16
13
15
12
12
13
11
17
11
13
13
18
18
14
12
34
49
12
13
14
11
11
12
12
11
16
21
12
11
17
14
11
16
12
11
18
14
13
50
39
21
17
11
12
11
13
15
12
14
14
17
11
11
14
30
20
11
15
13
14
12
11
23
16
13
13
16
62
31
12
12
11
21
34
13
11
12
12
14
11
17
23
11
11
14
11
12
17
12
12
19
20
13
12
17
18
19
13
19
11
14
17
15
15
13
14
14
16
11
18
11
14
12
12
15
14
11
18
13
12
13
13
11
16
19
15
13
12
14
11
11
36
57
14
12
12
57
20
20
11
13
17
15
22
18
13
11
18
14
36
36
12
12
17
14
17
18
12
13
24
32
58
16
21
76
25
12
16
19
11
12
12
13
15
11
15
13
14
14
17
16
12
16
15
12
18
17
12
15
11
40
77
36
11
14
23
11
12
19
11
12
22
12
15
12
12
52
27
12
11
17
15
13
14
14
11
13
12
16
11
16
11
47
42
11
13
12
12
45
42
15
14
13
15
13
12
12
14
14
14
14
23
12
16
19
19
26
23
14
13
17
16
14
11
11
11
17
14
11
16
12
17
14
13
12
11
16
16
12
14
17
17
14
11
12
16
19
16
13
14
12
14
36
35
13
16
13
11
12
15
11
11
11
13
12
14
20
16
12
13
13
19
15
11
14
18
14
19
12
12
14
19
12
11
12
13
20
13
14
24
11
19
13
12
11
11
14
11
15
15
16
31
64
32
11
19
12
14
26
17
13
12
14
13
15
19
14
18
21
13
13
18
14
13
14
13
11
11
27
20
13
12
15
11
11
11
18
16
15
15
17
12
14
14
12
14
18
22
33
17
31
75
30
11
13
18
13
12
11
13
15
11
18
35
18
12
19
12
48
39
17
43
20
11
12
15
12
13
11
12
13
21
12
16
11
11
19
12
18
13
14
19
11
13
14
11
14
12
11
12
12
12
14
21
11
20
20
14
12
14
16
11
16
63
353
352
59
13
42
11
19
88
44
11
13
11
14
21
11
14
15
12
14
24
15
11
11
11
11
13
12
12
11
12
13
12
11
12
12
13
13
15
15
12
13
12
11
43
66
22
15
13
11
12
13
12
13
13
16
26
36
16
15
12
19
14
22
14
15
19
15
20
16
12
12
13
11
14
12
12
11
13
11
59
53
12
13
11
15
11
17
19
40
12
15
15
13
14
12
13
15
14
13
14
13
17
14
12
16
15
14
21
16
11
17
31
35
21
15
15
17
15
12
16
17
30
60
24
18
15
35
15
13
14
20
17
15
15
12
15
19
52
61
13
12
11
13
11
21
11
11
13
16
13
12
19
14
14
11
16
14
11
13
16
12
19
13
11
13
15
12
16
21
28
23
11
11
13
19
48
31
62
50
12
15
12
11
12
27
59
25
11
12
14
34
21
11
16
12
27
17
19
13
14
24
15
19
18
13
14
12
14
16
11
15
12
12
16
11
14
12
16
17
15
12
12
16
17
21
17
11
12
14
12
21
21
34
26
18
13
12
11
15
13
11
16
24
11
15
13
16
17
30
16
37
49
32
17
13
11
11
11
16
16
16
12
16
14
15
12
46
35
12
12
13
11
20
34
32
15
16
16
12
11
35
24
16
16
18
14
14
14
11
16
16
18
24
14
13
14
12
13
12
12
16
15
11
12
20
17
11
12
16
11
17
11
17
11
27
80
31
12
13
11
12
11
14
12
11
13
13
37
15
23
21
13
13
17
13
11
11
12
12
17
16
13
14
30
69
48
11
13
12
16
16
12
11
12
18
19
15
12
17
14
16
11
13
15
67
38
12
11
13
18
17
16
31
40
14
15
15
11
24
33
16
18
12
17
12
11
23
12
14
17
12
13
24
12
14
16
16
16
19
16
15
14
16
11
17
13
13
13
12
11
35
18
11
12
14
16
12
17
12
12
18
11
16
13
13
11
20
15
11
50
75
28
16
11
11
11
12
23
15
14
11
18
13
11
14
19
16
11
11
13
13
13
17
13
13
13
19
16
11
17
15
13
11
14
11
11
19
11
13
11
14
13
12
17
13
21
24
18
14
16
17
12
16
11
30
46
13
12
17
16
14
18
27
13
11
21
11
11
12
11
15
16
25
14
12
18
18
18
20
12
29
21
16
31
31
11
14
11
20
29
12
16
14
12
19
23
37
11
12
11
13
13
11
23
19
16
12
11
14
18
11
14
12
11
14
44
23
12
12
14
14
19
38
59
16
12
18
12
13
16
11
16
11
11
24
12
29
32
12
14
18
16
12
33
47
20
15
22
15
12
12
11
13
11
21
18
13
17
17
17
12
16
11
12
12
16
14
68
82
12
13
11
18
15
13
16
14
11
12
11
35
30
12
16
19
44
17
106
68
23
12
61
62
14
14
12
15
11
14
14
16
12
14
13
12
16
13
16
34
132
63
12
17
11
17
12
20
18
15
13
11
15
13
17
12
12
15
11
30
55
24
12
15
21
16
17
11
11
11
14
13
17
13
23
18
14
13
17
24
12
20
38
11
14
12
14
13
11
11
11
13
16
13
12
16
43
52
12
12
14
15
13
17
16
16
22
12
12
25
11
16
12
46
53
26
18
16
16
17
15
11
11
14
11
16
11
14
13
11
15
11
13
60
105
28
14
12
17
14
45
23
20
20
17
14
11
13
11
12
11
15
18
14
13
13
54
59
19
19
15
11
16
11
20
12
12
13
16
17
20
14
15
45
61
14
19
11
11
15
13
13
16
48
31
11
15
12
11
18
14
17
12
11
11
68
42
13
13
20
12
16
20
12
22
13
19
35
15
17
22
14
11
14
14
13
12
15
15
13
15
17
12
20
12
15
11
11
20
12
14
14
18
12
14
14
17
12
15
11
15
13
12
11
11
12
12
38
52
16
13
13
11
15
17
11
11
17
13
11
14
14
24
20
11
11
19
18
17
13
59
94
17
14
13
22
13
17
16
13
11
19
15
14
14
16
11
18
17
11
11
11
17
33
19
11
11
13
12
13
11
12
15
16
19
12
14
18
11
13
18
16
13
22
84
11
13
11
16
14
15
12
11
15
15
17
15
52
16
16
24
11
18
12
13
21
31
28
15
13
12
33
29
17
14
28
71
53
11
12
14
15
12
14
13
65
30
18
11
16
15
25
14
14
11
11
16
12
11
12
14
11
34
64
13
14
12
16
17
14
12
12
19
12
13
12
11
12
17
15
11
11
14
13
13
16
15
28
90
48
12
11
12
13
11
50
50
19
22
18
48
320
755
254
11
12
15
13
11
18
11
12
13
17
37
13
12
13
15
26
54
21
15
18
11
12
16
11
15
14
11
15
22
15
15
27
39
13
13
13
13
13
11
17
11
18
11
11
14
13
12
14
14
11
12
35
87
15
15
13
15
12
18
11
16
17
23
27
15
16
16
13
15
15
15
12
13
11
17
15
33
18
13
12
12
11
12
12
11
12
16
12
12
29
18
14
12
19
13
58
77
11
11
14
12
40
44
12
12
20
13
15
12
14
21
13
18
12
11
14
13
19
19
13
15
16
17
11
12
18
13
16
11
95
12
13
17
17
12
11
14
22
30
14
20
11
19
23
16
14
13
11
12
23
60
14
16
25
61
16
12
15
11
13
15
14
33
79
46
11
12
16
14
13
16
15
17
13
46
78
30
13
13
13
12
12
14
11
14
19
18
12
11
19
11
20
12
13
17
55
53
27
18
12
11
18
16
13
37
29
17
15
18
16
19
96
22
16
12
12
14
28
20
12
18
11
12
14
11
44
16
16
16
11
14
15
11
11
17
20
16
26
35
13
17
17
11
12
15
13
12
16
11
14
24
11
16
12
17
18
16
13
14
15
21
13
14
13
15
13
14
12
11
14
11
17
18
16
63
90
29
14
12
17
12
39
49
23
13
17
12
19
25
11
17
12
14
13
12
14
16
16
16
14
11
16
13
17
20
13
11
16
15
12
13
22
12
11
13
13
23
11
20
15
11
17
13
12
19
11
15
11
11
18
16
12
13
13
31
22
12
11
22
17
11
11
11
19
14
38
21
54
85
21
12
16
11
14
12
39
20
12
16
38
34
11
15
13
17
12
14
32
18
13
64
85
22
14
16
14
15
11
13
14
19
13
17
18
15
17
12
11
12
11
11
15
57
16
12
19
13
13
17
12
11
13
14
14
24
16
15
29
52
35
51
46
13
24
71
35
16
14
11
11
16
14
11
16
23
16
26
38
18
15
11
13
12
18
35
22
11
20
13
13
15
12
12
42
31
14
11
19
21
22
24
13
13
12
15
12
12
15
12
11
14
12
20
19
14
13
13
17
11
11
16
50
98
26
12
12
12
11
16
29
19
12
16
14
25
15
28
73
38
15
11
15
11
17
18
56
47
11
24
23
14
15
18
11
15
11
11
12
26
12
23
27
62
32
11
14
14
13
12
12
11
16
11
13
16
43
51
20
22
24
216
563
289
21
11
21
11
32
81
31
13
12
14
20
60
51
11
12
21
18
12
17
18
31
73
13
11
19
11
13
13
13
13
14
32
16
12
11
23
12
18
12
13
14
13
18
15
16
11
12
44
23
13
13
15
12
20
19
21
14
19
19
33
14
26
22
26
16
12
12
12
13
12
12
12
12
12
18
22
57
37
22
11
11
14
13
17
11
14
17
13
19
14
18
18
11
12
12
12
11
22
36
11
16
12
15
11
13
14
12
14
18
12
12
16
20
14
13
18
11
13
16
17
13
22
18
12
16
15
15
11
12
15
14
22
20
24
11
12
21
12
13
11
14
12
18
17
11
16
11
11
14
15
14
15
13
13
13
15
23
20
15
15
13
14
12
15
12
12
20
56
19
13
14
14
16
13
20
14
46
50
13
14
27
98
55
12
14
18
14
16
14
47
50
36
42
16
16
11
12
16
12
12
14
52
55
14
12
17
16
15
14
13
15
15
20
18
11
15
12
11
12
13
15
12
11
11
16
19
12
14
28
12
24
11
13
17
19
11
13
13
18
15
13
17
15
18
18
21
22
15
13
15
41
97
29
12
14
12
12
15
14
11
15
12
14
14
11
11
17
18
14
12
15
16
14
12
35
52
17
19
12
11
13
16
18
15
11
13
16
11
14
20
36
35
11
16
17
11
11
13
13
18
22
12
12
20
15
20
23
37
23
12
12
15
11
16
20
16
11
17
13
17
11
13
21
71
116
20
13
12
18
11
11
11
16
12
13
16
13
11
32
16
13
28
13
11
12
14
12
15
18
15
19
13
14
15
12
14
14
18
15
17
20
42
22
12
13
12
17
17
16
12
14
16
11
14
45
74
44
19
38
51
17
11
13
12
17
30
37
17
12
15
17
20
11
15
29
59
23
11
14
11
16
12
12
27
102
48
13
14
14
11
17
15
17
14
17
12
12
14
15
11
27
11
12
16
38
28
18
18
12
12
11
13
13
11
15
18
20
11
14
13
11
15
18
11
16
14
17
11
11
13
14
18
17
12
13
14
12
12
17
11
13
12
13
11
13
13
20
12
13
12
21
61
24
13
21
13
14
25
13
12
11
12
13
12
11
15
12
13
16
11
12
11
12
20
12
16
15
16
17
18
28
12
12
11
13
13
18
16
17
15
11
16
13
11
11
13
17
12
18
11
14
18
13
17
13
24
49
36
11
12
18
14
11
11
15
11
17
11
14
14
13
11
12
14
13
16
47
84
38
12
11
12
19
16
14
12
14
15
16
11
16
14
14
41
14
13
17
13
11
15
