1548
3206
1314
2291
1777
2193
2546
2240
1753
1505
1306
2389
2668
1114
4113
2192
1499
2231
2939
1086
1067
2651
1693
2676
2261
1147
10793
13731
3493
1067
2702
1238
1252
2095
3596
1602
4405
2531
2145
1088
2582
1190
2551
1954
2429
2026
1708
1707
1259
3417
1756
1767
2882
2862
1433
1003
1521
1500
8256
10754
2918
2480
4641
1690
1480
2210
2576
1386
2065
2603
2413
2840
1069
1002
3390
3235
2673
1508
2298
2305
1377
2303
1684
2288
2645
2727
1620
2704
1043
1221
2243
1012
1969
4410
1690
2947
1068
2474
2191
2229
3420
1019
1011
2235
1033
1160
1430
1767
1921
1369
2693
1016
2078
8760
22280
17583
2767
1215
2045
3704
1540
2528
2782
1180
1949
2142
2176
1890
2466
2108
1845
2051
2465
2395
1601
1297
1267
1030
2122
2129
1092
2742
1154
1792
1441
1107
1087
1701
3108
1125
2689
1275
1704
9081
10786
2657
1423
2690
2583
1838
2463
1922
5267
10018
4402
2144
3178
1918
1759
2822
2072
1848
2249
1334
2640
2316
2560
1261
2934
1304
2831
2017
2767
2212
2227
1403
2524
1477
2230
2283
1861
2778
1112
1234
2416
1090
3001
1859
2286
2081
1944
2360
3397
2212
1248
2930
2117
2297
1676
2166
2253
2799
1203
2455
1057
2117
2937
1307
3655
1860
1120
2520
2596
1848
3038
1963
2358
2072
1220
3476
2356
1284
2995
1027
2354
1785
1395
2537
1018
2075
2291
3405
6146
10425
4362
3374
3649
1111
3895
2791
1369
1048
2206
1120
1397
2405
1959
2013
1770
2533
2170
2780
1920
2097
2427
1987
1237
2928
1434
2645
1470
3672
15741
14477
2272
2599
2641
1525
2810
1499
1229
3345
5065
1346
1272
1789
2030
2268
2018
2049
5508
19682
15594
3730
2991
1475
1685
3085
1078
2012
1735
2635
2450
2423
1263
2512
1010
1208
5019
5627
1775
1208
1094
3040
2541
1501
2546
1025
2183
2004
2052
1942
2624
1574
2544
1697
2564
1761
2589
2860
1575
2689
3041
2502
1986
1792
2772
2048
2197
3236
3141
2635
2805
2145
3473
2303
1270
1169
2763
1230
1979
2461
2151
2654
1067
1466
2442
1868
2758
1929
1867
2459
1006
1203
1287
2848
2008
2503
2563
2209
1074
2489
1125
1118
1704
16932
10033
1696
1462
1054
2574
5061
1839
2013
2502
1124
4608
7668
2633
1169
2617
1660
1435
1476
2648
1194
2629
2386
1543
3238
1319
2592
1918
1279
2906
1211
1684
3753
2381
1070
2225
1992
1997
1392
1534
1199
1734
3155
2179
1847
1482
2397
1565
3083
1659
2437
1669
2269
2624
1489
1922
2880
3294
2530
2062
1286
3143
1582
1302
3358
4097
1328
1172
2844
1500
1666
2831
1001
3066
2042
2015
1409
1107
2761
1011
2309
1346
3405
1483
1997
1956
2120
2592
1846
4051
2910
1073
3316
2349
1636
2309
1218
1557
3302
1308
2716
2033
1157
2962
1451
3966
1695
2630
1081
2109
1376
2741
1756
1868
1960
2012
2652
1876
3736
1734
1701
3038
1007
1083
1012
2997
1799
1888
1424
2362
1534
1340
2214
1242
1871
3029
1200
1348
2916
1008
1447
3128
1545
1228
1352
2335
1517
2360
1210
1724
2405
1023
1055
2876
1779
1439
2407
1382
3444
1792
1820
2256
2794
3371
1227
1596
1519
2488
1419
3373
1919
1509
2371
1394
2449
1022
1190
2743
1260
1221
3183
2061
1895
1713
2638
2771
1705
1443
3067
1507
1154
2737
1623
1706
3096
1410
2740
2215
2150
2194
2323
1582
2828
2751
1168
2942
1477
2595
2001
1476
2517
1932
1654
7675
7667
1696
1276
1259
2808
1080
2003
2631
2580
1880
1056
2240
2254
2422
1305
1026
7423
12004
5754
2210
1979
13889
35623
25973
4386
2602
1502
2274
2427
1389
3846
1970
1045
2488
1142
3076
1592
2236
1432
1408
2677
1140
2212
1200
2153
1703
2553
1680
2448
1272
2686
1386
1105
3460
1953
2131
4232
1489
1453
2115
5303
7275
3210
2580
2263
2943
3190
1479
2738
1947
1100
2115
1072
2650
1829
1968
2618
1033
1179
2033
1034
2812
1672
2175
1036
1379
2993
1411
2091
8525
7555
2317
2008
1019
2215
2104
2290
1113
2203
7467
5367
1759
1863
1917
3087
1381
1399
1082
1756
1538
1149
2925
1007
1810
2323
5001
7346
3062
1419
2824
1046
2384
3149
1046
2630
1083
1237
4350
1535
2873
1201
2023
2422
2862
2151
1096
3181
2785
1169
1698
2754
1063
1974
1679
2301
2963
2111
1763
2378
1160
1357
2197
1811
1029
3125
1852
1107
2048
2701
1847
1202
3287
2707
1105
2483
1761
2531
1877
2936
1038
1488
2569
1684
6674
4866
1053
2483
1531
1206
2739
1129
2336
2331
2287
1720
2544
4837
4992
1204
2844
1455
1025
1531
2190
1307
1689
1001
1038
2062
2453
2219
2190
1177
2942
1401
1062
1366
2488
1065
2416
1887
2012
2402
2857
13866
14236
3519
1935
1969
1005
2630
1549
3436
1235
2237
2421
1011
2875
1790
1319
2815
1184
3142
43264
97414
39581
2644
2716
4021
1444
1224
2425
2050
2701
2146
1148
2220
1205
3055
5101
1579
2112
2652
1375
2516
1311
1394
1874
3040
1071
1208
2029
1634
2515
1505
1260
1152
2421
1111
2136
3133
1251
1421
2385
2350
2110
1320
1757
1034
2147
1840
1033
2851
1778
1032
3095
1754
3720
2797
2305
1401
2640
1007
2796
1542
1024
1641
2255
1725
6409
2736
7746
3870
1033
4896
1366
1187
3304
1823
1577
2173
1753
2074
2105
1424
3956
1554
4517
3413
3548
2746
2203
1527
1692
2127
1045
3194
3066
1202
1160
2234
1544
1106
2749
2935
1951
2266
1159
3369
1677
2725
2310
2971
2215
1048
2014
2523
1234
1945
2354
1335
2050
1340
2788
1304
2212
1230
1747
2475
1174
3350
1642
1329
2632
1008
2589
1627
1115
2382
1143
1852
2267
1543
3487
1501
2409
1514
4172
1485
3020
1321
3060
12926
11134
2012
1401
2388
1326
2298
8536
6488
1295
1046
1748
3115
1057
1479
8235
13163
6013
1715
2848
1029
2331
2588
3673
8280
5356
1703
3497
1440
2491
2286
1703
1943
2349
4124
8193
6662
1300
1556
2120
2306
1306
2324
1931
1207
2683
1030
1034
2366
1231
1399
1900
1085
3901
1904
3548
1677
1869
6470
4746
1048
2342
1093
1189
1032
4422
10388
6006
2166
2020
2323
2694
2912
1347
1176
2858
5055
14953
11013
2314
2419
1871
2451
1379
1873
2038
1011
2173
1705
1036
2119
1599
2495
1254
3012
1685
2096
2647
2888
4169
1291
1358
3165
1078
1168
2336
3055
1863
1644
2809
2587
1242
2417
1916
1858
2520
2092
2429
1886
1811
2888
1588
2103
1644
2741
1073
2586
1723
2198
2422
2168
1935
2483
3404
1283
1833
3527
1592
1722
6822
4819
2112
2092
1183
2154
1544
1622
1735
3179
1169
2266
1053
2249
2142
1799
1741
1479
2444
1299
2264
2139
1728
2938
1063
1767
2029
2727
1939
1476
3209
2279
3378
4193
1435
1297
2984
1382
1307
2386
1462
2520
1571
1951
2950
1485
2947
1121
1479
3173
1161
2559
2003
1678
1278
2455
2023
1707
1021
1056
2822
1360
1088
1571
1603
2984
1013
2368
1169
1472
5926
4824
1135
2905
1721
2009
8275
6980
1126
1293
2645
1153
1891
1646
3214
1597
2281
2203
1009
2543
1620
2315
1458
2125
2007
1882
2604
1543
2906
2003
1728
1454
3446
1677
2516
1248
1222
2718
1054
2212
1491
2256
2267
2409
3173
2321
2208
2124
2107
2408
1821
4064
2825
3206
1120
1920
3918
2158
1064
2410
1115
1569
1994
1752
2553
1562
1334
2813
1144
2175
1590
1848
1652
1371
3875
2635
1543
3051
4866
18879
15749
3101
2690
4519
1305
2290
1553
2321
1529
2005
2185
2610
2045
1160
2887
1841
1062
2262
1183
1756
2416
1724
2302
1491
2200
1538
4906
12718
11955
3632
1018
4796
3016
2036
1378
2688
1205
2538
2529
1406
2321
2965
2864
1575
2593
1918
2571
2809
2395
2661
2098
1134
3053
2222
2291
1363
1414
3453
1353
2195
1197
2137
3092
2798
1988
1508
4610
13574
8672
1240
1463
2104
2281
1773
1938
2397
1068
1471
1907
2091
3010
1468
1049
2428
4068
1676
2158
1712
1169
2190
1558
2845
1320
2287
1259
3230
2199
2417
1260
3898
2138
1170
1299
1771
1798
2303
1325
1070
2623
1441
5439
1782
1756
1218
3210
1664
1139
2772
1254
2088
2013
1096
2187
4683
1617
2963
1533
3304
2310
1306
3281
1567
2634
1766
2353
1280
2512
1991
1106
2903
1436
1797
3583
1467
1165
1860
1083
1678
2531
2915
3455
1534
1172
1432
2485
1313
2435
1395
1192
2231
1852
1535
1575
2252
2248
1233
1193
2406
1010
2511
1556
2101
1627
2709
2090
2537
3225
3108
1185
1547
2953
1280
1649
1549
2214
1790
2750
2277
1055
2628
1820
1364
3654
1671
2145
2120
2207
2256
1389
3126
1465
1501
2269
2632
3595
1094
2442
2807
2027
2054
1893
2043
2159
1719
2481
1070
1119
2680
1481
2134
2309
1864
2494
2711
2794
1027
1798
1618
3503
1355
3928
3489
1414
2596
1219
2516
1101
1973
1717
3818
3595
3606
3417
2989
6909
3796
1878
3637
1253
4803
13303
8326
1323
1831
2063
2209
1788
2896
3969
2080
1942
2182
2728
2211
1619
1619
2154
2177
2516
1971
1445
1847
1197
2777
1335
2386
1208
2208
2917
2373
1282
2491
2417
1751
3708
1725
2236
1729
2506
1904
1822
1799
2187
3035
1611
2728
3057
2724
2666
3477
1188
1234
2888
1459
1925
2034
1591
1908
2492
1813
1211
2457
1639
2095
1455
2257
1182
3231
1265
2024
1781
1298
3128
1686
1068
1468
2078
2166
1349
2617
4119
1516
2258
2394
2169
2320
1725
1387
1100
2066
2589
1721
2241
2507
2731
2187
3943
1030
1969
2511
1318
2481
2455
1267
1904
3401
1069
2645
1388
2724
1691
2002
1882
2282
2152
1278
1136
2642
1458
1041
2546
1874
1124
2195
1516
1027
2818
3086
2090
2398
1409
1176
2352
4576
6554
3230
1995
2425
1894
2288
3055
2904
2819
1963
2535
2068
1872
2672
2573
1315
1242
2747
1066
2072
4232
1900
1238
2377
1158
1164
2583
1167
1382
2514
1609
1133
8664
14773
6758
1448
1151
1346
3526
1659
1800
2047
2545
2579
1002
2481
1058
1224
3011
1675
2106
3134
1092
1035
2519
1357
1261
2018
1059
2612
2080
1840
1332
2218
2090
2288
1973
2286
1120
2460
1281
1134
1752
2103
1323
2452
1444
1838
2569
1928
1841
2610
2068
1974
1994
2293
2190
1923
1686
1024
3192
3245
1494
3308
1432
2070
1082
2788
1193
1025
2233
1551
1737
1586
2622
3144
1844
2242
1665
2630
1508
3189
9398
6561
1233
2921
1738
2451
2456
1123
2546
3652
1620
2724
1943
2281
1309
2330
1372
3020
1547
2698
3878
1376
2541
2505
1467
2174
1425
2794
1378
1006
2156
2120
1123
2447
2156
1272
2679
1055
2835
1884
2044
2539
3053
3130
1072
2877
1711
2319
1340
2241
1013
1363
2508
1007
3853
7694
2759
1199
2509
1036
3123
3013
2104
7225
4500
1416
2718
2657
2371
1801
9108
10537
2887
1409
3333
2354
2285
1779
1579
2490
1341
1601
1654
2345
3039
1694
2377
2526
2980
2148
2414
1330
1876
1752
1022
2037
1722
2379
1026
2735
1425
2160
1377
1381
2188
1898
3449
2137
1320
1692
2478
1113
2472
1882
1209
3730
2974
1353
2969
1168
1067
2283
1344
2203
3275
1230
2294
1294
1720
1171
3090
3883
1175
1719
3356
1175
2943
4024
1654
1797
1838
2617
2485
2021
2123
2401
2211
1817
1308
2491
1597
2860
1190
2240
2808
1875
1974
1970
2312
1996
2845
2126
1728
1770
2173
1210
3998
2754
1506
2569
1834
2525
1659
3500
1975
1218
2512
1437
1203
1221
3121
2702
1301
3722
1932
2174
2382
2197
1906
1090
2752
1335
2059
1906
2811
1257
8308
21590
19004
4835
7348
21124
14439
2455
1498
2103
2501
1955
2032
2549
2478
1768
2406
3075
1396
1183
3067
2782
1912
2852
2144
2590
2638
2509
1301
1342
2643
1072
5172
6836
1913
1117
2445
1595
1117
1427
2592
1186
1181
3300
2373
2321
1735
1556
4299
2246
1567
2604
1844
1463
1364
3062
1358
1654
1999
2046
1791
2430
1586
2182
3914
1448
2751
2530
2034
2275
1722
2362
1277
2534
1214
2469
1727
1901
1749
1536
4142
2031
1293
2652
1447
1499
2621
1716
2577
2380
2287
1199
3070
1698
1255
2357
1336
1121
1146
2432
1894
1520
1239
1050
1640
1781
1225
2046
2576
2017
2138
1967
1110
2283
1939
2503
2341
2748
1870
3793
3044
3914
3541
1191
1061
2528
1501
2245
2265
2334
2223
2439
3157
1012
1663
2806
3571
3869
1062
2379
1001
2383
1976
1133
2656
2570
1884
2907
1697
2121
1446
7205
15216
6637
1754
2548
1619
1808
1333
2670
1848
2007
1274
2214
2021
1601
2057
2321
1467
2577
2400
1585
1628
1802
2298
2256
2747
1704
1351
3234
1394
3200
1670
2462
4753
1758
2049
1970
1401
2550
1475
2557
1339
3636
1544
2054
2079
1913
1747
1107
2348
2627
1762
4822
1450
1711
1021
1770
1757
2384
1977
1899
3536
1517
2061
2296
1011
6081
6712
1551
2048
1808
1024
1865
2342
2019
2273
1224
3158
1617
1560
2731
1272
1591
2721
2318
2150
1732
1447
1997
1457
2189
1666
1665
1105
2372
2432
1682
2162
1464
1821
1767
1762
1477
1056
2694
1068
5263
9457
6221
1130
2124
2483
2583
1167
2743
4061
1362
2332
2770
1099
2082
2509
2515
1960
1987
1481
3732
4266
9432
5129
2267
2167
2572
2409
2277
1553
1454
2456
2616
1650
2345
1443
1002
1110
2498
1212
2280
1342
1708
2008
3592
7228
3415
1413
2788
1052
1649
2454
1774
2404
1129
2239
1357
2116
2724
2139
1124
3632
9129
3709
2427
2163
1080
1297
1166
2910
1604
3522
3302
3454
1576
3232
1560
2287
1431
1455
3331
1538
2652
3137
2401
2614
1376
3343
2996
1563
1980
1110
2327
1813
1117
2402
1879
2504
1724
1597
2199
2624
1480
2364
1617
2657
1940
2211
1996
4579
9479
3739
1039
3436
3266
1177
2761
1210
1711
1634
2354
1140
2904
2581
1820
1721
1158
2118
2188
1912
2105
1275
1320
1959
3851
1242
2764
1979
1191
2714
1076
2614
1185
2842
2246
1396
2528
2506
3589
1143
1444
1717
3176
1589
1993
2923
1234
1269
2629
2140
1718
2815
2662
1460
1503
2181
1833
1243
1292
2410
2592
2005
1515
2050
1345
2756
1096
2759
1380
1085
3002
1568
1276
2686
1081
2305
1504
1892
2849
1211
2286
2671
1281
2500
1284
1475
2327
3017
2153
1076
1292
6069
6045
1138
2170
2308
2116
1608
3119
3256
1706
3000
3188
2642
2625
3203
2034
1683
2180
3776
1761
1848
1433
1268
2822
1029
2597
1923
2827
2757
1369
2878
2323
1674
2865
1120
1858
2524
2190
1744
1241
2764
2187
2573
1998
1477
1689
2629
1012
2407
2285
2342
1824
2248
2586
1072
1181
2694
1045
1672
2137
2265
2330
1398
2566
1658
1798
4431
3279
1851
1095
1961
1837
1337
2937
1333
2439
1683
2372
10092
8986
2169
2037
3589
1125
2821
1333
1189
2231
1400
1336
4413
3347
1071
1178
1540
2447
1756
2035
1487
2435
1174
3679
1924
2329
1385
2075
1841
2028
1022
1495
2719
3628
1041
1289
2235
2017
3129
1636
1442
3045
1025
1564
1603
1646
5501
4840
1192
2660
1988
2416
2190
2323
1131
1380
3247
1628
1251
2196
1949
1081
2043
1440
1243
3269
1726
1239
1707
1672
2478
1127
2474
2257
2006
1684
1293
6376
5739
1374
1531
1934
1186
2240
2224
2802
2535
1693
2434
2171
1146
1358
2320
1277
2627
1173
1548
2321
1112
2388
1504
2027
1382
2611
2832
3779
1014
1254
2011
2267
1851
1265
1680
2644
2204
2268
1995
3698
1702
1760
2927
1075
1025
2897
2258
1506
2449
2475
2587
2985
1876
1850
2430
2567
1494
1215
7856
10449
3053
1789
2540
5334
2436
1766
1619
3026
1844
2266
1931
2310
1412
2624
1577
2176
10574
12732
3866
1336
3052
2976
1854
1966
2619
1228
1243
1130
1050
2459
2502
4196
1034
5260
15817
11311
2092
1517
1906
2379
1570
1148
2271
3213
1768
1211
2794
1283
1117
2287
1685
1777
2231
2154
1469
1680
1228
1083
2847
1182
1214
2173
2111
2017
1391
2052
1135
2392
1058
2406
2324
2540
1298
1837
2409
2585
2137
3129
8904
4427
2748
2405
2606
7777
4074
2078
1678
2688
3691
1321
1431
1744
2121
2651
3111
7134
3514
1302
1224
2399
2251
1827
1202
2621
1211
1277
3370
1768
2929
1754
2229
1626
4161
1047
1049
2374
1015
2255
1230
3061
3108
1740
2902
1001
1371
1842
2681
1567
3159
3657
1047
1533
1921
1335
2101
3920
1404
1190
2939
1220
2881
1341
2515
2054
1750
2364
4528
11364
6457
2629
2010
2605
1481
1175
1862
2358
1478
3430
1623
2339
12879
14086
3348
2964
5507
3934
1343
2013
1704
1840
1973
1470
2440
1965
1118
2071
1140
2919
1561
1226
2213
1791
1331
2663
1182
2916
1570
1772
2532
1156
1401
9541
13427
3732
1797
2528
1230
3188
2883
1188
2682
1037
1660
7486
11948
6907
1021
2597
1072
1811
1404
2341
1361
1149
1274
3092
1481
3322
3475
3019
2641
1385
2708
1570
1901
2364
2026
1788
2962
2680
1051
2013
2350
1071
2016
1355
2393
1201
1583
2618
1652
2050
1470
1897
2074
1739
1427
2102
2186
2660
1722
1314
2143
1933
1790
2553
2242
1525
2051
2431
2619
1906
1627
2436
1059
2265
2118
1311
1150
1051
1592
2910
1259
1126
3229
2065
1861
1494
2912
4081
1611
2016
2934
1186
1527
2753
1108
2430
9760
8612
1677
1405
2847
1190
2836
3372
1848
1554
2273
1504
1227
2477
1371
2577
1121
2816
1268
2073
1654
1658
2420
2181
1224
5572
6342
1256
1307
2537
1126
1253
3580
2217
2374
5676
1898
2677
2817
3008
1091
1029
6143
10256
4680
2596
1828
2664
2017
3987
1063
6463
13052
7716
1777
2304
2251
2219
3277
1927
1756
1838
2487
2240
1359
2657
1714
1362
1938
1390
1394
2740
1136
1635
2106
2237
1132
2342
2813
2101
2368
1459
3214
1130
1130
1117
2855
1186
4428
9097
6361
1353
2185
1715
2187
4126
1660
1095
3254
2295
4956
2319
2476
2208
1347
2284
2418
1347
2021
2750
2252
1925
1924
2403
1690
1982
1132
2458
1835
2829
2999
4317
8526
5239
1143
5433
2193
1656
2578
2106
2609
1969
3454
1190
1336
5537
4277
1219
2432
1064
1395
2706
1169
1082
2853
1995
1377
7372
9513
2570
1084
2504
1369
1383
22086
4391
1106
2035
1479
5651
14649
7919
4696
15871
10796
1452
4010
17683
20934
5073
2698
1875
2220
3995
1586
1154
2109
3258
1187
1302
1396
1705
1946
1710
2133
1289
1602
2394
2098
1213
1679
2077
2121
8863
9661
2385
1008
1940
1656
3625
3702
1914
2218
2522
1624
1095
2517
1140
2236
1454
2066
1935
1490
1650
1331
2321
1509
2882
2349
1015
1060
3293
1199
2144
1448
1951
2354
2196
1250
1136
2043
1183
3076
1239
1212
2672
1296
1273
1891
2556
3442
1093
1583
1791
2178
2064
1041
2635
1165
3026
2076
3105
1348
1378
3045
1699
1988
2726
1199
1528
3161
1283
1508
3066
1276
2012
1430
2116
1057
1678
1929
2101
1792
3805
2559
1909
3303
1180
3002
1054
1384
2223
1194
2057
1513
2552
1004
2218
12940
15016
4315
1360
2779
1204
1850
1512
1964
1796
2922
1213
1960
1317
3165
12739
15484
5414
2117
2296
2232
2899
1017
3166
4093
3750
5004
2484
1001
1193
2579
1096
1487
2877
1304
1093
1762
1589
2144
2320
4500
1619
1026
2857
1980
1024
1265
2673
2407
2461
1113
1448
1316
2120
2910
2156
1692
1718
3247
1353
2649
1513
3178
2799
1604
2040
1108
2569
2396
1743
2118
1227
1565
2418
1530
1038
7264
8310
1823
2613
1689
2084
1570
9444
6502
1428
2130
1726
2309
1854
1724
2575
1234
1647
1303
1308
1977
1008
2319
1272
1084
2394
1782
1512
1201
2672
1634
8098
12057
4989
2442
1112
2050
2865
2139
2311
1510
2967
2838
1436
2952
9199
8963
3145
1277
2546
4604
6509
1946
1885
1934
1878
2408
2733
1813
1141
1182
1950
2002
2328
1784
2651
2601
1277
2716
1703
1569
1955
3680
3526
2441
2444
1429
2304
2244
1077
3619
1488
2255
1483
1619
2688
1922
2300
1077
2631
1069
2143
2556
1734
2830
1754
2527
1993
1202
3591
1859
1184
2667
1100
1947
1529
1509
2242
1645
1512
1712
2597
6000
12609
6446
1579
2129
1965
1557
1447
1844
2348
1839
2987
1063
1103
3004
1343
1060
2981
1594
2991
2961
1578
2701
2259
1248
1265
2573
2609
1410
2402
2825
1966
1304
2294
1487
2015
1370
1842
6596
2003
2429
2616
1957
15554
22244
5155
1622
2328
1020
2550
1100
2831
1698
1727
2542
2128
2581
1262
2086
2378
1248
1745
2489
3716
1622
1061
3033
5426
2449
1676
2516
2582
1181
2753
1100
1215
2898
1207
2238
1541
1053
1775
1512
1821
1780
1286
1105
1084
2912
2630
1864
1573
2475
2252
2862
1039
1242
2733
1184
1798
2413
2970
2133
1101
3453
2122
1541
2354
1066
1034
1040
2949
1364
1507
2373
1021
6556
7576
2047
2348
1227
2118
2021
1738
2480
1024
1848
1518
2339
1295
2110
2839
4225
4105
3134
1136
1875
2903
1113
4840
3021
8827
4582
1200
2749
1909
2730
2351
1717
1975
3190
3029
2045
1617
2573
2392
1312
1211
2806
17455
19461
4696
2290
3395
1169
2571
1217
1318
3310
1519
2342
2627
1045
2896
2128
2082
1714
2686
1750
1081
1805
1861
1564
1571
2493
1718
2218
3236
2379
1004
1119
2862
1273
1794
1716
2308
1714
1469
2755
1266
1815
1861
2248
1210
1101
2364
2585
1437
1570
2213
2008
1812
1225
1403
1110
1856
1387
2959
1623
2820
1840
2168
1900
1315
3399
2421
1690
2856
1924
3050
1112
2049
1479
1508
2951
1743
2415
2477
1644
1237
3028
2126
2584
2732
2125
1129
3481
2011
1713
1840
1447
2390
1159
1201
2688
1317
2706
2053
1028
2282
1066
2348
1130
1022
2025
2559
1341
2392
1058
1611
2612
1301
1831
1495
1203
2436
1963
1281
3258
4166
6827
1839
1925
1303
2121
1184
1210
2915
1354
3104
2025
1668
2226
1843
2014
2754
1975
1198
2766
1593
2028
1930
1507
2469
2098
2583
1041
2308
1234
1864
3615
1200
2050
2165
2707
1076
1654
3304
1038
1918
2568
1352
2732
1329
1426
2427
2324
2380
2244
2150
2142
1575
1163
1217
1603
1378
2641
1692
2051
1095
4273
1234
2176
1933
1416
1851
1841
2368
1158
2059
1001
1450
2357
1791
2757
1323
3848
3098
2865
2472
2752
2078
7264
6420
1328
1386
2215
1002
1621
3254
1186
1427
6065
8574
6213
1023
4287
1060
2565
1829
1605
2666
1923
2274
1488
2526
2027
1760
1039
2229
1787
2325
1844
2311
2032
2436
1363
1687
1801
1293
1709
1382
2517
1591
4969
5271
2682
1949
2155
2660
1414
2338
1855
2269
2116
1968
1157
1270
1333
2325
1157
3761
1764
2234
2093
2738
1242
3229
1529
2447
1394
1051
3897
3742
1137
3375
1549
3708
12870
11355
1984
2591
1570
1734
2386
2911
1668
2226
2346
1637
2319
1260
2060
1197
1771
2530
2235
1091
2824
1531
3129
2269
3728
1463
1718
1118
2918
2235
1266
1834
1684
2195
3444
2099
1161
2439
1871
2695
1823
1378
1277
1342
2965
1854
2458
1359
1974
1758
1774
2010
1995
1674
1955
2548
1423
2816
1129
3692
8629
4964
2522
1481
2182
1113
1535
1595
2246
1407
2687
1253
1686
1604
2313
1465
1792
4423
1905
5249
16848
9801
1617
1032
1911
1618
1087
1199
2878
1824
2303
1393
2343
1936
1692
3171
1060
1227
4563
16691
13708
1970
2172
1425
3385
1650
2288
1034
2692
2739
1854
2489
4476
2786
2666
1067
3296
2525
1053
2635
1736
2288
3922
1506
1281
1993
2271
2722
1133
2520
1384
2259
2667
1702
4015
2378
1076
2266
1101
1113
2446
1059
1539
1426
2081
1122
2099
2219
2547
3460
1249
1136
2682
1392
1320
1014
1516
2146
2213
1568
1631
2321
1451
2495
1308
3218
1081
1244
2042
2410
2731
2998
2450
2329
1501
1005
1133
2213
3396
1108
2415
3072
2189
2340
1927
1679
1730
2842
3555
1297
1487
3350
1971
1190
1219
2068
2547
1935
1729
1819
2597
2014
2355
1456
2351
2084
1267
2342
1226
2238
2708
1452
3261
1306
1004
3004
3147
2100
1849
1161
2165
1235
1601
1101
2266
1373
1441
2661
2318
2035
2488
1481
3872
2335
1147
3699
2244
2522
1399
1256
2899
1568
2104
2443
1839
2097
1178
2690
1700
2234
2154
2330
1761
2454
1177
6696
2431
2391
1907
1216
1871
2266
1237
2765
1280
2080
1862
3402
2120
1212
1821
2967
1370
1323
2599
2013
1853
2257
1276
2346
1348
2645
2450
2921
1034
1354
2666
1798
1613
1672
2730
1186
2128
2308
2327
2085
2291
1599
2090
1350
2428
2933
1085
1588
2245
2653
2506
2667
2113
1619
2257
1358
3670
1905
1311
2878
1406
2047
1277
1196
2539
1317
1801
1785
1016
4294
2774
1857
2360
2324
1343
2918
1967
1041
2296
2098
2200
1344
2081
6384
9708
2630
1872
2920
2022
2227
2919
2266
1479
3083
1438
1146
1441
1234
2834
1365
1340
2114
1449
1506
3568
1262
1922
2006
2640
1025
1599
3259
1174
1115
2490
1143
1728
1800
2327
1820
1305
3091
1553
1216
2385
1294
2422
1781
1846
1868
1495
1259
1991
2056
1970
1125
1202
2011
1471
1911
1914
8639
10014
4125
1522
2454
1598
3508
1160
2112
1047
2387
1823
2277
1847
2592
1927
2010
1445
1187
2538
2778
2309
2239
1919
2994
2845
2119
2856
1611
2161
1111
5938
6707
1518
2606
2083
1078
2313
1614
1028
2913
1312
2407
3557
1006
1002
1923
1300
1273
2396
1580
2265
1637
4958
3116
1302
1978
1065
1748
2112
1594
1164
2619
1881
1167
1028
1027
5393
12021
6380
1077
3071
1282
1447
1843
2269
1700
1245
1990
2214
1893
2839
6429
3246
1205
1277
3019
2859
3075
2393
1491
1138
2956
2522
1110
1356
3029
1018
2606
1649
1528
3577
1143
2054
2544
1910
1087
2476
2653
2197
1915
2213
2370
2107
1921
1140
1577
2359
1562
1033
2017
1520
2612
1639
2291
1273
1180
1815
1373
2581
5375
2048
2733
1523
2691
1970
1825
1206
2456
1031
1878
2117
1295
2416
1749
1593
1086
1240
1294
1714
1254
1292
2911
1408
1560
1423
1838
1522
1721
2652
1694
4118
1638
2091
1156
2358
2325
2366
3041
1823
2378
1185
1588
1952
2372
3182
3281
3151
2728
1570
2167
1465
1569
1701
1922
2500
1425
1680
1801
2098
1531
2376
2201
1080
2206
1098
1701
2216
1135
3437
2485
2939
1586
3103
1195
2352
1381
1325
1117
1161
2333
2227
1250
1824
2373
1172
2034
1842
1190
1963
2016
2578
1107
2013
1014
1268
1149
2298
1072
2173
1512
4002
1495
1490
3404
1833
2063
1048
2171
1705
2700
1807
2033
1704
2236
1496
1745
1722
1565
1752
1883
1816
1251
7440
10677
3105
1426
1927
1954
2010
2487
1944
1336
1690
12332
2343
6611
1603
1954
4550
3227
1390
2193
2668
1291
1693
2799
1049
2477
1402
3828
2717
1189
2946
1640
2094
1742
1520
2226
2652
1302
2987
7992
5965
1379
1553
1508
2481
1680
3271
1517
1284
2816
1542
1686
4038
1973
2128
2458
1305
1742
2021
2913
2014
1183
5835
10606
3089
1589
5479
13775
6853
1863
2222
2353
1916
2052
2417
1592
2210
2293
2714
1768
2540
2705
2648
2701
2061
2619
2182
1886
1080
2449
1591
1135
2247
1086
1339
2782
1172
1577
2573
1320
1077
1602
2549
1354
2952
1059
2960
2063
2107
2284
1998
1113
2147
1918
2373
7642
14764
7599
1847
2208
2452
1575
1033
2111
1045
5109
1562
2024
3219
1047
2154
1323
1864
1976
2201
2694
2258
2206
2262
2761
1477
2517
1142
6747
7700
1666
2546
2115
1752
1988
2492
2271
2502
1105
2878
1864
1032
1347
1985
2381
1393
2218
2342
2020
1318
2359
1381
1990
1429
2395
3165
1912
2204
2068
1090
2412
1603
2366
1225
2301
1135
2026
1038
1726
1962
2169
1416
2428
9669
9264
2142
1404
2140
2503
2348
1507
2182
1657
1791
2285
2003
1155
7534
8501
1692
1462
1888
2851
1822
2250
3832
2004
1397
1867
1364
2509
2490
2251
1403
1726
2907
3060
1122
1267
2482
2088
2478
1356
1381
3217
2070
1723
2324
1452
2262
2094
1327
2601
4810
1333
2316
1660
2450
1632
2570
3518
1042
1949
1108
2076
1666
3986
1095
2763
1434
1775
1261
1025
2350
1239
1285
1719
1971
1880
1133
1449
1744
2509
1260
2012
1452
2597
1702
2326
2483
1135
2165
1155
1867
2344
1724
2458
1406
2728
1051
2541
1725
1811
1799
2516
1576
2238
3527
1620
2651
2251
1551
2157
2438
1698
2277
2367
1940
1721
1542
2055
1397
2259
2336
1163
2926
2133
3045
2659
2373
1643
1055
1074
1051
2175
1062
1948
1478
2396
1472
1374
2623
1726
1340
1261
2191
1264
3685
9535
6980
1338
1103
2068
1812
2869
1494
1105
2609
2064
2305
2892
2412
1978
3060
1764
1808
2108
1954
1026
1402
2938
1315
1468
2042
1515
2323
2392
1113
1002
2290
1097
1903
2989
1193
1391
2879
1283
2640
2585
2145
2565
1153
2169
3881
1061
2601
1270
1319
2386
1040
2394
2790
2526
1729
2528
1686
2458
1161
1103
1803
2452
1579
1793
2788
1404
2341
2591
2054
1904
1031
1294
2666
1245
2437
1664
2013
1845
1031
2322
1566
2166
1582
2283
1955
1268
1113
1177
1938
1688
1095
1822
2503
1533
3015
3222
1791
1506
1213
2161
1147
2027
3012
2135
1020
1990
1129
2041
2287
2247
2599
2295
1936
2567
1486
1335
2278
1339
2959
1528
1830
2369
1297
2716
1309
1960
1310
1179
1907
1080
2417
1917
2514
1654
1027
1871
2564
1717
1160
2488
1249
2432
1413
1422
2449
1242
1679
2341
1039
1649
1581
2447
1903
1862
3118
7685
4578
2023
2999
3439
1661
1783
3197
2619
1532
1657
2386
1255
1588
2077
1199
1131
2166
1893
1195
1496
2364
1087
3109
3641
2349
1865
1053
2102
2008
1209
2830
1417
2160
1794
2150
2313
1164
2258
1708
1433
1877
2437
6045
4069
1224
2429
2583
2096
2467
2110
1713
1912
2069
1169
1529
1951
1233
2485
2426
3144
2776
3291
2402
3296
1945
1001
1211
2590
2377
2809
3094
1488
2808
1192
1679
1888
1301
1510
2164
1101
1045
2891
1865
5529
8976
4882
1008
1056
1664
1775
1367
6626
12780
5554
2156
1774
2255
1552
1873
2471
2083
2054
3220
1361
1398
2451
1118
2962
1572
1058
2184
1047
2735
1496
1490
2380
3995
9155
5683
1355
3362
2184
1368
2436
3412
10559
7208
1117
4764
9507
4239
2172
1560
1116
2174
2007
1635
2022
1193
2537
1564
2493
2457
2080
1812
1775
2785
1154
1717
2221
2736
1775
3089
1391
2470
1799
1763
1159
1244
2571
1074
1256
2352
1856
3794
2111
2029
1138
3071
2152
1299
1894
1397
2149
2284
3158
1038
3629
3047
3347
2031
2595
2632
2403
1694
2010
1612
1365
2774
1442
2687
1925
1870
2389
1578
1829
2678
1756
1326
1915
1698
1966
1062
2536
1320
3187
4597
1424
1316
2173
1202
1613
1823
2551
1320
2775
3386
1702
1755
1407
1721
2310
1419
1368
2132
2107
1687
17815
72415
69953
15244
1380
2055
1968
2503
1019
1139
2192
1330
2720
6670
2918
5493
15877
9210
1259
3016
1381
2107
1080
2265
1787
1227
3140
2293
1578
2769
2644
2189
1720
1445
3380
1628
2397
1399
1920
3315
1013
1831
2361
4530
2476
1366
2216
1891
2165
1647
2974
1809
2058
2521
1269
2056
2069
1164
1061
1765
1347
1083
1927
1552
1217
2556
1890
2425
2161
2284
2244
1275
1322
2246
1840
1670
2578
1181
1996
1516
2074
1923
2493
1566
2197
1573
1419
2892
1008
2469
2043
1538
2161
1843
1839
1259
8735
13960
5010
1248
2113
2116
2312
1948
1864
1257
2304
2305
1131
1901
1331
1491
2351
1809
2658
1606
2452
1307
6577
7964
2426
1414
2198
1118
1429
2352
1020
2467
1493
2303
2443
2308
2162
1152
1175
3059
2006
2969
2764
1306
1957
3049
1082
1529
3856
1584
2515
1308
1407
2818
1262
1711
1991
1934
1885
2016
1959
1683
2022
1981
2521
2551
2050
2653
1878
1755
2042
1108
2451
1124
2194
3080
11345
10511
2556
1551
2448
2248
2319
4875
1367
2243
1063
1140
3334
1763
1277
1893
2785
2096
1206
1860
1094
1795
1172
2325
2557
3394
6894
3328
1553
1784
2655
1462
1521
2572
1003
2143
3129
1057
2314
2195
2480
1550
1059
2630
2444
1025
2656
2478
1552
2805
1183
1195
2660
1072
1167
2070
1172
1034
1475
2714
1076
1726
2147
1485
2515
1024
2306
1052
2718
1367
1265
1510
1944
1865
1294
2971
1585
3004
1980
1239
1080
2472
1662
3083
1204
1948
2229
1035
2820
1890
1179
6385
7341
1855
1049
1802
1296
2311
1014
2031
2377
2075
2405
2168
1077
1916
2039
2384
2522
1006
2386
1934
2082
6035
10296
3976
3330
3992
1238
2421
5797
2965
1641
2097
2888
1722
1632
2220
1663
2794
1102
2606
1217
1051
1182
1436
2664
2522
2497
1781
3563
1733
2619
1619
1280
1845
1701
1927
1073
1112
1443
2879
1206
1817
2253
2342
1393
2933
11617
11384
2377
1416
1579
1788
1015
2093
1870
1145
1666
1867
2146
1350
2677
1318
1951
3865
2047
2711
2862
1960
1652
1723
1014
1079
2533
1306
2362
2247
1525
2606
1942
1710
1388
1497
2200
1264
1801
1375
2602
2386
1393
1574
1394
1770
2113
1701
2061
1614
2219
2195
2069
3277
2129
1951
2115
1563
2974
1168
1040
2664
1087
2305
2304
1784
6040
4416
2092
2487
1329
1200
2093
2436
1825
4179
10947
6382
2080
10532
10571
3018
1127
3723
2650
2033
2164
1540
1988
5986
11416
5494
1281
2043
1696
1421
1927
3130
9063
5831
2002
1010
1401
1712
2415
1957
1170
3832
1913
1118
2478
1391
3414
2229
3000
1067
1191
5770
1030
2302
1034
1517
3138
1303
1847
1668
1502
3288
1580
5020
3372
1189
1741
1643
1396
1646
1090
1939
1562
1093
2115
1539
1580
2276
1426
2088
2407
1337
1251
1058
1799
1872
3098
2290
1313
2525
1332
2278
2512
2167
1105
2596
1406
1966
1180
1453
1161
2710
1931
2335
1140
1916
1021
1434
1175
1606
1063
2167
4709
2061
1809
1156
1898
1696
1091
2107
1124
1307
2049
2941
1662
3989
1289
2046
2561
1565
1066
2224
1316
1820
2286
1148
1292
2513
1241
2517
1245
4588
9577
4846
1233
3784
2366
2070
1926
2915
1882
1405
2460
1307
2961
1724
3468
1702
1221
2642
1399
2015
1756
1814
3087
1679
2831
1032
2023
4080
1314
1694
1931
2226
1654
2752
2721
1082
2546
1284
1140
1414
3600
2024
1196
1178
1810
5478
3990
1133
1733
7306
10917
5315
2290
1564
2090
1927
1223
2104
2451
1267
2791
1306
2078
2633
1845
2051
2019
1563
2041
1340
1210
2872
1414
1917
1911
1158
2265
1132
2592
1770
1949
2439
1477
2162
4416
11901
7889
1205
1851
1650
1027
2946
1733
1767
1296
1137
1240
3125
1968
2076
1555
1437
2374
2015
3509
1083
6453
8489
2865
2295
2205
2393
1815
1979
1439
1917
2241
1401
2690
1607
2001
1777
2280
1647
5133
4094
2347
1547
1599
2536
1148
1600
2218
2162
1775
2140
4329
1900
1566
2493
1080
1105
1259
2100
2026
2955
1803
2036
2534
2176
3350
2236
2097
3325
1451
4620
1312
1315
2411
2363
2423
1321
2552
1169
2199
2726
2707
1787
1704
1006
2084
1685
1797
2434
1405
2151
1777
1120
2326
2007
1261
1182
1927
1646
1547
2100
1375
1841
2319
1551
1874
4355
1809
2034
3101
2712
1064
3501
2063
1204
3323
2668
1132
2089
2951
2002
1878
2416
1463
1482
1417
1152
1631
3000
1764
7708
15463
5897
1602
2725
2151
1508
1333
2492
1383
1230
2057
3472
1613
2184
1636
2013
1219
1323
1217
1524
1665
1262
2945
1711
2196
1274
2665
1304
1571
2135
1650
1021
2774
1656
1192
1373
2392
1246
4122
6301
1910
1453
2995
1199
1671
2587
1753
2086
2485
2277
2015
2260
2863
1299
2436
1012
2315
1297
1992
1363
2160
1091
1956
1628
1391
1113
1036
1327
2657
1236
2285
1640
1749
2963
1290
1106
2478
1004
1967
2041
1501
3577
1680
1529
2559
1050
1762
1035
2043
1481
1891
1941
2334
2770
2582
1267
1087
7650
15170
7594
2192
3011
2024
2604
1004
2117
1127
2658
1275
2869
2008
1065
2347
1049
2037
1441
1226
1947
2448
2855
1333
1790
2572
1632
2382
1414
3561
2286
2298
2255
2520
1597
1298
2434
1065
2271
1682
1013
1801
1310
2448
1673
1069
2655
1046
1652
2334
4073
9033
5902
1054
1688
2952
1223
1527
1881
1924
2710
2076
1447
2496
2546
1630
4663
7910
2601
1259
1722
1961
1304
2247
1342
2492
2290
3005
1732
1811
2340
6654
6308
1482
2312
1540
1727
2824
2638
1854
1148
1752
2304
2321
1738
2646
2055
1350
1988
2659
2077
1679
1096
2765
1200
3184
1810
1548
1663
2345
1271
1586
1943
1792
1631
3187
2596
2068
1127
2356
1131
2064
1471
3970
2115
2301
1203
2643
3372
1047
1780
1152
2261
1156
1174
2570
1306
2232
1549
2347
1286
3103
1456
1694
2018
1102
1651
2399
1846
2680
1765
1421
1887
1135
2492
1108
1513
2628
1113
1514
2752
1856
1845
2216
2437
2692
6615
3432
1370
2182
2076
1426
2551
2210
2113
1867
1593
1593
1572
2718
1426
2084
2322
1688
2556
1959
2022
1820
1406
3312
2162
1385
2168
1514
1730
1128
2639
1308
1987
1728
3110
2269
2748
2593
3453
2387
1959
1938
2421
2000
2751
3596
13862
14168
4282
2172
2265
1835
1755
1653
1222
2875
4802
1575
1274
2273
1142
1092
2362
2587
1862
3771
2528
2384
2048
2430
1850
2059
1745
1595
2122
1121
2740
1784
1020
2530
1828
2380
1793
2232
1358
2018
2496
1178
1835
1917
1968
2345
2281
2120
1872
1080
2784
1621
1564
1005
1617
2306
1676
1292
1167
3150
1628
1503
2002
2341
1065
1052
2591
1329
1475
1881
1672
3057
1025
2137
1113
1234
2356
1120
1793
2087
1210
1865
1376
1431
2599
2086
1962
1404
2077
2028
2210
5225
2476
1337
1946
1632
1450
3241
1755
1312
2831
1165
1606
1654
1265
2545
1097
2426
2172
1512
1456
1433
2462
1041
2195
1186
2086
2083
1618
2998
1123
1823
1479
4716
5066
1958
1301
3108
1274
1197
1937
1100
2273
1377
2197
2669
1192
1521
3647
1509
1909
1502
2237
1503
1268
2370
1450
1293
1322
2303
1347
1054
6841
7974
1701
2780
1400
1368
1931
2750
2539
1186
2113
1763
3035
1167
2321
1313
3030
5674
1960
2686
2358
2353
2201
1691
1487
3235
1183
2077
1620
1007
2404
1898
2409
1785
2419
1162
1152
1401
2309
1207
2109
1673
2174
2484
4635
5072
2011
1035
2149
1619
2192
1880
2693
1291
3023
1613
2473
1054
2405
1567
1758
1580
1983
2633
1766
1004
1548
1610
2677
3953
1052
1796
1597
1049
1652
1040
5886
4953
1538
2044
2388
1587
2426
3419
2035
1674
1647
3132
1213
2095
1704
2718
1981
1825
1757
1176
2540
4229
7070
2323
1072
1955
1768
2252
1959
2634
2068
1986
2431
2181
1189
1334
2149
1565
2377
1151
3508
2496
1177
2548
1391
1917
2641
2567
1899
1740
1998
2398
1482
1878
1887
1114
1440
2182
2538
1933
1768
2344
1959
1285
2032
2772
2427
2360
1929
1322
1016
1200
1390
1505
2371
2850
1307
1210
1092
2961
7498
4900
1195
1299
1574
2827
1723
1929
2283
1131
1061
2465
3266
1328
8112
11780
4297
2289
3141
1148
1485
1172
2324
5980
1585
2059
1848
1408
2062
2596
1675
3167
1437
1675
3012
1120
1595
1121
2387
1495
2212
1770
1809
3189
1165
2138
4896
1153
1074
4062
1516
1558
1134
2609
1449
5654
8230
1073
2401
1695
2075
1910
3958
1821
1993
2512
1393
2128
2459
1064
5808
7613
2650
2320
4365
1747
2015
1742
1804
2702
2171
1152
2496
2323
1198
1937
2902
1111
1101
1624
1058
2024
1129
2257
3654
1468
1822
2188
1414
1683
2004
1003
2508
1284
3297
1684
1508
1100
1205
1954
2437
2974
1430
1937
1753
3246
1083
1977
2437
1229
1696
3134
1764
2014
12863
15614
4590
1841
2211
1399
1959
1796
1158
1531
2586
2281
1874
2267
1299
2674
1270
2201
1337
2144
1397
2026
1859
1774
2530
1620
1618
1642
2316
1039
1482
1935
1330
5890
6378
3008
1700
2488
1223
3034
3286
2087
6228
3256
1128
22373
15510
3950
1747
1661
11738
10424
2121
2013
1768
1267
2457
1312
1769
2014
1545
2675
2002
2766
1820
2248
1336
2077
2085
1898
2240
2631
1695
2495
1447
2322
1792
1475
1284
4225
3028
1103
2749
1344
1911
2218
2415
2249
7137
22573
12655
1275
1735
1761
1987
1451
2548
1076
2104
2686
1742
1108
2865
1743
2120
2647
2199
2868
2593
2800
2657
2422
1660
1548
1899
2143
1519
2373
1117
1402
2694
1206
7274
12353
5187
1534
2124
1758
1744
2492
2522
1323
3030
1720
1117
2227
1588
1009
2125
1322
1846
1055
2671
1097
1025
2981
3038
2185
1435
1738
2589
1607
1187
1761
1373
2594
2340
1766
1431
1309
2291
1721
3579
1504
1353
3073
1565
1055
2441
1362
1871
1592
1271
3539
2380
1348
1644
2908
1145
1850
1060
2429
2799
1169
1315
1191
1252
2979
1490
3236
6685
2860
1498
1158
2426
1993
1468
1785
1455
2128
1154
2095
1731
1954
1385
2402
2438
1389
1420
2018
1523
1719
2279
1026
2262
1384
2182
1381
2525
1301
1129
2361
1079
2237
2400
1944
1154
1839
2412
1703
8785
9755
2285
1980
2588
1038
1633
2604
1976
2588
1543
2870
1550
2381
1116
1590
2463
1772
1945
1264
1795
1468
3616
1858
1592
3018
2932
2226
2111
2212
1635
1237
6414
2631
1929
1066
2376
2416
1921
1908
7532
10010
5411
1041
1568
1934
1374
1737
3430
2089
2034
2830
1297
1055
2062
2049
1567
1998
2324
1892
1712
2136
1365
1864
2090
1198
1717
2178
3080
1292
1024
1955
1602
2176
1930
1194
2879
2040
1563
1014
2235
1600
1093
2433
12996
20268
6996
1107
2579
1292
2134
1114
2333
1112
6518
14582
8120
1249
2340
1877
1921
1771
4158
1267
2079
1755
2133
1725
1730
3168
1341
2542
1582
2033
1117
1643
3679
1212
1649
2396
2078
1860
1129
1234
2743
1416
1338
1058
1275
1868
1017
2429
1224
1076
1976
1307
1388
3242
1304
1889
1307
2256
1681
1140
1550
2504
9328
9905
3484
1399
2200
2289
1084
2212
1288
1883
1219
1907
1484
2398
1756
1020
1345
2432
1117
2646
1167
2185
2487
1467
2806
1198
1223
1696
1448
2623
1332
1228
3178
1499
3471
3793
1865
2890
1687
8182
11941
5404
1964
2400
1499
2177
1565
1778
2357
1839
2399
1527
6699
13212
6972
1909
1920
1028
2398
1890
2724
1426
3627
1201
1768
1096
2229
2387
1451
1895
2736
1213
2522
1047
1801
1306
1081
2782
2190
16813
9695
1753
2053
1406
1511
2984
1268
2864
1650
1553
2479
1018
2210
2282
1521
2117
1335
2595
1183
1122
1506
3593
2495
1618
2742
2869
7179
3861
1374
3401
3214
2112
1070
3425
1684
1352
2810
1217
2286
2472
1517
2385
1266
1032
1688
2367
2113
2066
1411
2126
1585
2239
2214
1403
1163
2908
1926
2246
1448
2198
3923
1948
1573
1363
1224
3697
2645
2298
2069
2493
1136
1990
1922
1480
2563
1435
1605
1687
2171
1717
2804
2313
1514
2246
1033
2233
1043
2348
1420
2319
3201
1012
2516
1755
3415
1953
1236
2763
1395
1952
1991
2066
3039
1073
2368
1351
1156
2092
1405
2568
1048
1454
2469
1152
2388
1138
2303
2102
2147
1602
2027
1366
2010
7895
9363
2385
1694
2459
2200
2157
1925
1704
1573
2456
1016
1708
2067
1176
1866
1105
3100
2211
2497
2985
1978
2319
2204
2862
2342
1029
1594
3502
1604
1174
1620
2857
1752
2053
1300
2163
1142
1606
2014
1349
1807
1232
1204
1136
2381
1180
1957
1132
3147
2148
3494
2130
2202
1300
2922
1760
1559
2367
9590
13216
4841
1795
1567
1713
2386
2438
2249
1886
3532
1461
3018
1231
3517
1705
1719
1249
2141
1188
2043
2686
1873
2088
1860
1543
2084
1717
2313
1455
1673
1654
3555
2336
2620
1858
2320
2825
1135
1668
1161
2590
1381
2208
2731
1421
1823
1224
1203
2215
1642
1641
2381
1412
2900
1378
2947
2138
1682
2509
2985
2412
5385
3395
2117
1902
1744
2295
1379
2213
1387
2784
1811
1854
2397
2071
2153
1639
2134
2055
1809
2917
3119
1028
3715
2414
3683
2277
1030
1723
2972
1026
2146
1405
1320
1615
1165
1279
1824
2395
3041
1879
6261
13972
1693
2034
2150
1664
2264
1501
2619
1213
2445
1598
1466
2298
1928
1606
1845
2736
1090
2211
1027
2184
1036
1527
1741
2001
3211
1049
10991
1150
3099
2894
1197
2942
1379
1388
1218
1180
3121
1620
1559
1948
1983
1511
1968
2120
3396
1267
1036
5457
4480
2183
1960
1806
1338
2033
2264
1450
5104
5275
1028
1926
1552
2493
1027
2161
1324
1959
1266
7128
15277
9605
1198
1136
2274
1219
1661
2626
1559
2536
1088
2362
1067
2919
2709
2905
2068
1634
3019
1875
2808
2333
1383
2699
1096
1686
3010
3111
11753
9012
1623
1767
2651
2289
1623
2033
1484
1814
1567
3144
1015
1152
1182
1698
1223
2862
2051
1167
2134
1529
1986
2653
1261
1998
1521
2068
1062
1203
2176
1094
1097
2486
1097
2606
2750
2692
2342
2269
2590
1118
1480
2659
1420
2024
2556
1204
1191
2401
1370
2333
2117
1122
1087
7085
10742
3763
2077
2685
2298
2018
3718
3811
1795
2229
1911
2772
1620
2108
1426
4725
1184
2073
2419
1936
1268
2619
1147
1614
2051
1710
1898
2280
2340
1493
3445
2167
1743
1030
1926
2964
1299
1337
1911
1112
2620
1263
1447
2522
1298
1970
1895
1121
2559
2051
1750
2033
1057
1446
2161
2142
5559
15481
9434
1209
1959
1890
1731
1701
1944
2255
1585
2182
1147
2221
2014
1210
1487
6848
10203
3663
4720
1763
1610
3275
1070
1122
1308
11137
52549
90460
36878
2545
1587
1696
1717
2448
2294
1147
2611
1879
1499
2045
1920
2075
1151
2127
1359
2215
1975
6547
3155
2043
2641
1800
1736
2198
1086
4787
7958
1469
2658
1002
1733
1701
2075
1392
2257
2599
2127
2111
1399
2016
1584
2581
1816
2756
1022
1664
2786
3694
2641
1781
5856
8651
2508
2085
2424
1304
2177
1754
1789
1760
1876
1485
1556
1809
2289
1617
1621
2061
1368
2753
1158
1137
1935
1008
1297
1304
2587
1047
2408
1763
2335
1107
2660
1267
1045
2148
2222
1075
2047
2388
1131
1913
2256
1299
1967
8533
13512
4656
2155
1400
1413
1755
2031
1885
2197
1239
1466
1914
1146
1845
2537
2271
2602
1616
1159
1104
1505
2755
1101
2108
1371
1581
3385
1682
1270
2020
1752
5704
5425
1353
1493
1345
2487
1574
1296
2352
1273
1748
2360
1980
2511
1469
1921
2709
1058
1113
1662
2036
2151
1266
2646
1496
1199
1933
1661
1202
1648
2049
1838
1288
1671
2080
1134
1663
2189
1454
2101
2365
3009
2190
1518
2421
1711
2313
1211
1116
1974
2081
1752
1776
1135
1008
2010
2088
2529
2298
1392
1196
2448
1020
2025
1440
2211
1464
2030
1245
4497
4269
2303
1001
2330
1880
1803
1542
2047
1164
2753
1341
1993
1246
1784
10569
13456
3042
1546
3063
1406
1895
1683
2323
2483
1301
9203
9624
1774
2305
1933
1189
2483
1124
2482
1503
1793
1931
2955
1726
1988
1623
2643
1214
1663
2858
1118
1422
2692
1032
1443
2196
1729
1525
1174
2750
1358
2169
1143
2710
2561
1109
2210
1360
1031
2099
1061
3438
3628
1416
2400
2393
1588
1058
2108
2649
2964
1175
1716
1653
2182
2074
3372
1220
1861
2660
3835
22305
1783
1730
2316
1077
2303
1899
1119
2382
1155
1991
2149
1679
1552
1889
1652
2071
1225
1479
1952
1168
2874
1429
1807
4456
3945
1359
1726
2031
2236
4034
1829
1141
1140
1481
1874
1858
1230
1205
2961
1557
1169
3372
3912
1596
2177
2389
1479
1082
1225
1417
2328
2093
2376
2820
1437
2001
1936
1858
1807
2171
2649
2368
1965
1767
2332
1215
3938
11770
2595
1631
1677
1183
1326
2485
1866
1467
5067
7301
2245
2001
1678
4021
2269
2184
1149
1139
2473
1209
1143
1301
2862
1170
6710
14374
7185
1651
1802
2133
1433
1264
2208
1642
2101
2631
1442
2256
1577
2068
1211
1720
2600
1169
1807
1540
1987
1302
8744
14879
6031
1981
2320
1319
1796
2261
2465
2285
1331
2843
2455
1894
1469
1356
1881
2172
2042
1265
1408
1502
1235
1105
1924
1064
2413
1966
1986
2220
1807
2575
1076
1700
3380
2126
1423
2310
3152
1562
4044
2458
1364
1006
1930
1894
1418
1851
1493
8734
10884
3658
1845
1792
2689
1083
1715
1475
1533
2348
3504
1328
1195
2196
2380
1664
2061
2545
1290
6267
6862
1648
1371
1425
3124
1226
1186
2486
1047
1355
2333
1040
1318
2693
1017
2012
1149
1473
1657
1568
1286
1499
18544
5701
1927
2151
2603
2177
1518
3073
1470
4385
1202
2306
1134
1203
1719
1264
2179
1985
2638
1577
1009
3045
1604
2148
2407
1036
3630
6579
1723
1844
1380
2292
1805
1915
2168
2339
3211
2026
1694
2071
1587
1798
2032
2376
2384
2078
2230
2285
1408
2336
1806
4402
8608
3573
1217
2510
1328
2471
2347
2210
2732
1209
1151
1314
1197
1474
1679
1112
2287
1351
1434
2266
1720
3189
1450
1260
2148
2238
1679
1058
2446
2030
2674
1729
3118
1142
1633
2436
1504
3165
1312
1341
1343
1876
2614
1602
2525
1789
1911
1986
2249
3144
1021
1954
2815
2226
1004
1100
4792
1671
2534
1204
2176
1995
1007
1961
2411
1244
2399
1884
1740
1513
2640
1163
2684
1405
2208
2879
1063
1198
2465
1016
1825
2490
1139
2499
1300
2706
3425
1865
1235
2195
1952
2140
1834
1845
2861
2741
1404
1427
1791
11875
17118
6434
2494
1390
1545
1554
1118
1997
2804
1600
1836
1896
1922
7274
8595
3900
2444
2009
2865
1787
1004
1280
1076
1711
1210
2644
1028
2788
1467
2678
1752
2502
2761
2532
2660
2146
1457
1843
1341
1660
2100
1949
2262
1210
1846
1711
1616
1846
2167
2409
2521
1732
1897
3196
1960
1737
1377
2055
1248
2466
1479
3066
2004
1523
1676
2083
1391
1813
2171
1560
2541
1072
2647
1863
1674
1641
3124
1654
2460
2332
2041
2700
1092
1942
2027
1819
1141
1077
1766
1982
1844
1115
4199
1485
1775
1144
1178
2943
1130
2135
1377
1228
2273
1492
1568
2874
3555
1019
2182
1346
4576
2657
1723
2092
1315
1619
2238
1712
2357
2511
2416
1507
1220
2290
1386
1434
1946
1730
1972
1782
1356
2490
1007
2071
1231
2418
2324
3798
7152
3195
2077
1547
1165
2438
1200
1214
3582
1533
2432
1830
2281
1053
2595
1574
2638
1395
3006
2465
1690
1015
2323
1959
1512
2051
1801
1390
1292
2329
2255
5857
3111
2812
12608
15048
4083
1158
2741
1559
1887
2245
1965
1022
1084
1909
1431
2214
1329
5947
4717
1123
1092
2501
1178
1493
1817
1846
10918
14014
5399
1178
2322
1222
3151
1419
1375
2322
1115
2959
1699
2566
1467
1747
5819
1169
1154
1200
2177
1649
2484
2033
11766
16016
5659
2218
2571
1334
2148
2345
1303
1996
2647
1110
1725
1598
2196
2113
1142
2213
1241
2076
1434
1334
4129
2357
1461
2186
1198
2032
2423
1839
2228
2904
2046
1732
1482
2132
2535
1680
2350
1508
1987
2285
1932
1503
1292
2289
1950
1537
1113
1765
2305
2585
2738
8670
4375
1259
2485
1764
1630
1410
2872
1161
1509
1115
1797
1592
1567
1995
1979
1045
1832
3815
2148
1986
1015
1843
1439
2919
1310
1216
2253
1307
1491
2143
2055
1679
2115
2149
1289
2229
1963
1267
2319
2100
1537
2589
2242
1312
1935
5056
9969
6372
1296
1776
7030
6982
1330
1952
2354
4738
11583
7631
2613
2464
1083
2615
1816
1067
1101
2257
1679
2255
1634
1484
1016
1333
2321
2218
1238
2032
1685
1115
2382
1327
2717
1320
1105
3360
2195
1268
4422
5530
1361
3877
2979
2193
1340
1767
1466
1580
2756
1077
1705
1930
4472
7467
4471
1243
2187
2266
1619
1943
1488
2029
1538
1897
1802
2320
1837
1178
1482
6486
6325
1733
1609
2314
1699
2058
2269
1193
1841
1475
2265
1878
1770
1883
3259
2157
1399
3168
1916
1812
2872
1675
1881
1106
1281
1989
2417
1924
1104
2407
1119
1528
1707
1104
2120
1980
1012
1568
1917
1521
2176
1689
1736
1031
1780
2545
1844
1753
2328
1816
1136
2250
1210
2879
1984
1001
2048
3033
1020
2059
1378
1123
1878
3406
2356
1190
2024
1217
2352
1440
1511
2088
2335
1175
1241
2013
12405
15490
4374
1375
1905
1581
2152
1151
2159
2842
2044
1039
1265
4170
4356
2671
1542
1363
3451
3172
1285
1316
2854
1616
1201
1637
3396
1497
1638
2303
1889
5671
12394
6040
2128
2378
2168
2482
2245
1287
1764
2376
1713
3484
11009
8613
1537
2443
1362
1301
1410
3549
3526
1380
2824
1209
2112
2881
1440
1889
1245
2042
1020
2272
1892
1965
2120
1977
1727
2720
1706
1660
1181
2317
2486
2046
1047
5105
1312
2353
1005
1144
2238
3462
1180
4765
10862
7963
1914
2317
1085
1935
1761
1918
2323
1935
1906
1602
1573
1055
2253
2406
1400
2088
2291
1239
1139
2019
1279
2151
1966
1654
1489
7371
9451
4463
2069
2099
1119
2334
1216
5894
36461
74036
33365
3006
1195
3992
2222
6959
14189
7615
1198
1910
2113
1274
1229
1519
1848
2226
1062
2347
1409
2714
2436
2264
1781
1958
1138
3149
11164
10265
2347
1953
2379
1535
3282
1361
1423
2426
2045
1449
1365
1768
1236
2048
1325
2342
2253
1770
1592
1271
1433
1391
9326
11621
2529
1797
2879
1496
1900
2208
1737
1289
1395
1787
1802
1865
1074
1331
2018
2793
1036
1547
3484
1387
1262
2169
1007
2108
1133
2777
5753
2746
1128
1970
3312
3137
1441
2500
1309
2148
3011
3052
1032
1030
1923
2177
2632
2095
1722
2456
1318
1547
2484
1469
1252
2642
1930
1618
2292
1885
1859
2138
2458
2549
1828
6946
6161
1305
1007
2509
1570
1383
1875
2139
1502
1451
2532
1236
2454
1888
3360
1062
3326
2579
2199
1327
1162
2036
3700
5167
1474
1417
2602
1198
1834
1139
1370
1996
7031
1605
2235
1025
1021
1628
4974
1577
1705
4076
3285
2050
3483
1609
1708
2600
1002
1551
1799
1113
1685
1654
1807
1257
1620
1252
1832
1247
2058
1565
2686
3241
1035
2462
1156
2112
1716
1555
2815
1365
3371
1288
1849
3741
1598
2646
9835
7146
1119
3429
1266
1941
1763
1435
1530
3514
1636
1529
1927
1573
3043
1231
2042
1941
1582
1908
1947
3436
1272
2175
1594
1777
1528
2046
1438
2254
1532
1367
1094
1289
3911
2760
1970
1448
2400
2190
2722
1484
2143
1519
2457
1856
1782
3397
5242
1889
1933
2501
1305
2400
1274
1652
2089
2002
2247
1879
1127
1037
2594
2531
1082
2525
1206
2455
2312
1689
2096
1129
2875
1448
1642
1141
1849
3123
1092
1384
1819
1548
2093
2294
1682
2660
3433
1230
3118
1748
1132
1237
1741
3520
2105
1187
1186
2147
1098
1082
1176
1949
2015
1463
1062
2074
1189
3485
2368
1047
2052
1190
2755
1163
1686
1321
1560
1394
1815
1941
2151
1443
1507
1048
1247
2260
1046
1889
1143
2816
1475
1046
2404
1189
1092
2071
1752
1949
2189
1002
3315
2083
2219
1751
1024
2399
1232
1830
4748
3157
2206
3506
1789
1014
1703
2280
2405
2802
1681
1062
2433
1059
1176
1626
2381
1460
1946
1443
1852
1286
2052
2451
1750
1497
1238
1651
4126
1231
2168
1194
2107
1817
1281
2894
1253
1924
1502
2333
2015
1925
1353
1985
1064
1488
2309
2417
1394
1346
2896
2190
1416
1863
1454
1699
1983
1354
2348
1082
2455
1704
1780
1913
5535
1125
2600
1274
1852
2971
2537
1741
1117
1920
1464
1394
2048
2069
2319
1622
2200
2211
3206
1137
3946
8348
4079
1037
1699
1822
1829
1770
1641
1182
1710
1047
1842
1945
1876
2281
1335
1120
1681
1759
1308
3231
1710
2143
1686
2345
8994
8877
1793
1710
1150
1682
1304
1027
5338
14715
11221
2189
1082
1916
1957
1614
2794
1576
1117
2715
1163
1203
2804
1273
1327
2488
1105
1797
1428
2018
1677
1002
1998
9112
8350
1369
1725
7632
9097
3430
2637
2096
2265
1293
1966
1884
2157
2088
1212
1739
1435
2642
1068
1084
2150
1468
1194
2229
1146
1860
2282
1180
2094
1523
1503
2143
2087
1706
2800
10461
11567
3019
2753
1569
1194
2764
1335
2493
1550
1194
1107
1029
2575
1627
2803
1886
1376
1915
1150
1947
1313
2974
2417
2543
1437
1737
1426
1975
1853
1840
2480
1562
1209
1021
1673
1021
1908
2239
1598
1364
2042
1997
1512
1638
1798
1901
1975
2205
1002
1698
2084
1219
2121
1830
1505
1846
1896
1906
1269
1221
2495
2205
2494
1413
3122
1604
1626
1341
4480
5721
1913
2208
1583
1643
2094
1377
2195
2021
2359
1329
1037
2179
3810
1449
1465
3771
1538
1277
1437
2717
1223
1003
1940
1214
1311
2382
1016
1376
2545
2059
1764
2779
2396
1642
1551
1993
1033
2190
1154
2364
1031
1902
2255
1444
1054
3430
3683
1931
1537
1098
2178
2155
3049
1182
8648
15585
6991
2098
1167
2470
1419
2036
1413
2302
2125
1444
2758
1855
1067
2796
1226
1500
1954
1959
2711
1103
1928
2221
2343
1490
1513
2536
1152
1705
1258
2439
1095
1480
2413
1749
2419
1001
1800
2667
2232
2212
1234
2172
10119
10139
1983
3451
1175
1350
3352
2240
1376
1480
2202
1147
1447
2610
1255
1065
1998
2225
1405
2705
3538
1137
1365
1945
1643
2443
1582
1351
1718
1696
1045
2139
1920
1377
1635
1547
1366
5975
8252
3162
1098
1980
1593
1028
3062
1915
1091
2231
1040
2559
1984
1704
2221
1301
2402
1478
2376
1603
2215
1996
2014
2266
1274
1615
2771
2336
1336
1622
2689
1494
2388
1222
1631
4039
6433
3717
2302
2389
1285
2450
1189
1011
1847
1485
1591
2788
2054
2722
1804
1521
1882
2508
1495
1890
1241
1998
2716
2328
1687
2081
1812
1952
1741
1425
1335
1978
1893
2337
1005
2409
1627
1719
1727
3700
2962
15585
17614
4204
1928
1353
1813
1795
2023
1798
2428
2377
1180
2272
1106
2247
1196
1013
1169
1855
1512
1606
1837
1893
2394
2197
1020
2378
1501
3059
1091
1256
2900
1320
1001
2010
1186
2298
5523
1802
1052
3208
1900
1208
2540
1063
1173
3628
1602
1942
2000
2668
2157
2199
1635
3019
1185
1706
2233
1783
1823
1474
2018
1283
1757
2624
1374
2536
1766
2023
1611
1945
1028
2450
1622
1472
2658
1305
2041
1859
1271
1705
2137
1902
1922
2022
1490
3231
1247
1526
3926
2258
1998
2761
4279
8191
4223
1646
2019
1875
1806
2279
1644
1097
3300
2415
2361
1496
1980
1945
1845
2104
1283
1916
1920
1018
1761
2631
1014
1193
2295
1490
1229
2190
2151
1267
8980
15374
7703
1428
1247
2367
1649
1715
1968
1353
1657
1788
1533
1158
3156
1175
2503
12300
12600
2861
3064
1743
2914
2301
2286
1983
1126
2382
4029
5166
1366
2323
1368
1700
2437
1478
1566
1949
1035
2154
1745
1511
2646
1806
1582
1461
2740
1036
2017
6633
9184
3665
1805
1969
2122
1301
1856
1042
1307
1683
1679
1240
1231
2432
1002
1886
1377
5701
14924
9015
1409
2221
1761
1485
2334
2045
1363
3429
1533
3156
4091
2122
4021
1740
1987
1322
1203
2590
1850
2021
2064
1928
1105
2076
1245
1876
1568
3854
1539
1792
2336
1657
1423
1918
1082
1302
2216
1873
5833
4378
2180
1770
1534
1718
2081
1819
1827
1665
1797
1578
1402
2455
1498
1483
1957
1250
1905
2731
1976
1610
2107
1619
1050
2493
1415
1278
1756
1049
1838
1574
2279
2533
1705
1426
2531
1237
2783
1148
1621
3928
2248
1780
2923
2218
1194
2467
1115
2298
1317
2117
1741
3013
1992
1766
2162
1190
2623
2250
1843
2574
3108
1756
2297
1202
2059
1423
1423
1711
2132
2223
1388
1903
1326
1256
1788
2081
1169
2455
1012
1335
2057
2139
2245
1855
1762
1347
1082
1870
1930
1851
1882
2472
2140
1483
2418
1865
1705
1768
2283
2433
1052
2700
1363
2040
3297
1525
2702
1397
1973
1261
1914
1527
4676
11296
5580
2095
2005
1507
2218
2886
1205
2266
3179
2082
1846
1142
1868
4599
2363
1549
1371
1735
1368
1674
1763
1829
1109
2195
1819
2272
1501
2705
3395
1099
1227
1692
1886
1142
1737
2248
1039
1623
1810
1169
2186
1948
2079
2069
1731
1182
1554
2865
2215
1469
1936
2093
1914
1945
1972
2650
1890
1761
2283
1702
1016
1147
1121
2005
1756
2489
1998
3689
1191
4952
1657
1092
1107
2327
1129
1688
1747
1077
2307
1283
1079
2220
1229
3099
1869
2090
1409
2148
2527
1583
1113
1955
1666
1521
1886
1654
1832
1664
1832
1790
1566
1362
1895
1357
2141
3154
1547
2323
1160
1915
1681
1540
1324
2709
2691
1868
3081
1257
1470
1578
1811
1360
1573
1348
1652
1407
4663
8579
6045
1483
1574
1718
1309
1405
1042
3639
2061
2555
2156
1043
2512
1586
1002
2793
2074
1897
1015
1276
2151
1727
1339
2637
2184
1973
1459
1846
1556
1349
1405
2065
2747
2716
1437
1842
1217
1548
2373
5653
11017
6436
1687
1537
3323
1293
1003
2175
1225
1776
3174
1599
3016
1155
2049
1743
2181
1702
1783
1575
1312
1945
1334
1970
1849
1843
1141
2401
1482
1944
1634
1288
1705
1098
1176
1812
1431
2636
2729
2386
1069
2188
1993
5857
3527
1331
1869
2348
2097
1760
2344
1810
